  0.99980783220400882        1230769229917.1599        0.0000000000000000       0.11688923900743475        847.00000000281409        3.4627988025465568E-007   2.4447472996592348E-010
   1.0000000000000000        1230769229917.1599        0.0000000000000000       0.11688923900743475        846.99985502093136        3.4897775583637277E-007   2.4743320289906981E-010
   1.0001921677959911        1223780179906.1809       -26.984321621544552       0.11617829738120995        846.65585892742320        3.4973569180667696E-007   2.4894544640034231E-010
   1.0003843355919824        1211723357741.2351        238.53592532014724       0.11487880448668868        845.51559171763665        3.4904560154672451E-007   2.4919707949684526E-010
   1.0005765033879734        1199907203079.5161        211.05617006235570       0.11365361628401194        844.73532395858649        3.4840270619804164E-007   2.4960990766103493E-010
   1.0007686711839647        1188067081778.8789        219.85490524170754       0.11242676233610295        843.94405678948908        3.4773141651745354E-007   2.5001286409364336E-010
   1.0009608389799558        1176378779437.2505        218.68598112695955       0.11121971753620523        843.17822637216591        3.4708301885628149E-007   2.5045458820086394E-010
   1.0011530067759469        1164787256156.2954        221.86512860024456       0.11002268052403247        842.40365999187520        3.4644221817108210E-007   2.5091368055834383E-010
   1.0013451745719382        1153313604003.6965        223.55304552855694       0.10883882612700896        841.62944790792631        3.4581591032239948E-007   2.5139846759406334E-010
   1.0015373423679292        1141948750235.3638        225.84850583024274       0.10766675241958096        840.85157229011759        3.4520214249656124E-007   2.5190672811832543E-010
   1.0017295101639203        1130694489758.8938        227.94879650828133       0.10650680203309572        840.07151611467509        3.4460218054362868E-007   2.5244034343154308E-010
   1.0019216779599116        1119548527286.8337        230.15199117936595       0.10535868018742366        839.28881719607421        3.4401607261547015E-007   2.5299970023738027E-010
   1.0021138457559027        1108510084551.6489        232.34609259949454       0.10422233193393939        838.50377177181383        3.4344432542067772E-007   2.5358577765014089E-010
   1.0023060135518940        1097577828114.8505        234.57334295281493       0.10309761550293481        837.71640547362927        3.4288727972550563E-007   2.5419936038485674E-010
   1.0024981813478850        1086750641382.6584        236.81823764877217       0.10198442320184431        836.92685512801631        3.4234534500028031E-007   2.5484133427285987E-010
   1.0026903491438761        1076027339643.8331        239.08694846514626       0.10088263652697901        836.13522442792942        3.4181891219576980E-007   2.5551257565431524E-010
   1.0028825169398674        1065406776841.0374        241.37753095078963        9.9792142787688956E-002   835.34163731485637        3.4130838680533277E-007   2.5621399344824634E-010
   1.0030746847358585        1054887806455.3806        243.69108938438447        9.8712828921296583E-002   834.54621766438049        3.4081417676451876E-007   2.5694651386504452E-010
   1.0032668525318498        1044469296345.9485        246.02759248877547        9.7644583770820262E-002   833.74909674211608        3.4033669719160232E-007   2.5771108668518720E-010
   1.0034590203278408        1034150123559.4304        248.38744173787356        9.6587297222696072E-002   832.95041023168824        3.3987636882173631E-007   2.5850868342387802E-010
   1.0036511881238319        1023929176681.3691        250.77088306321198        9.5540860508821143E-002   832.15029906495499        3.3943361883462033E-007   2.5934029853842717E-010
   1.0038433559198232        1013805355457.4473        253.17822824801902        9.4505166076256572E-002   831.34890874524388        3.3900888080891125E-007   2.6020694948371127E-010
   1.0040355237158143        1003777571405.9501        255.60977194038404        9.3480107617745917E-002   830.54638923248660        3.3860259499677383E-007   2.6110967719703693E-010
   1.0042276915118054        993844747936.43933        258.06582230667868        9.2465580041011589E-002   829.74289468438212        3.3821520843645797E-007   2.6204954641395253E-010
   1.0044198593077966        984005820496.67712        260.54669064619526        9.1461479460930820E-002   828.93858336276526        3.3784717506984321E-007   2.6302764604431519E-010
   1.0046120271037877        974259736567.55212        263.05269490672958        9.0467703183706991E-002   828.13361758888630        3.3749895580388707E-007   2.6404508952326338E-010
   1.0048041948997790        964605455604.96265        265.58415854056227        8.9484149693184592E-002   827.32816375891127        3.3717101854616852E-007   2.6510301516374700E-010
   1.0049963626957701        955041948947.92126        268.14141152994256        8.8510718636974794E-002   826.52239238490756        3.3686383821939478E-007   2.6620258650259872E-010
   1.0051885304917612        945568199717.47180        270.72478976717696        8.7547310812806076E-002   825.71647814640437        3.3657789676331867E-007   2.6734499264194542E-010
   1.0053806982877525        936183202715.78528        273.33463579428235        8.6593828154785113E-002   824.91059994104694        3.3631368312592907E-007   2.6853144858342978E-010
   1.0055728660837435        926885964329.79456        275.97129866292374        8.5650173720140110E-002   824.10494093613340        3.3607169324541177E-007   2.6976319555738177E-010
   1.0057650338797346        917675502432.20569        278.63513401600437        8.4716251675603552E-002   823.29968861969098        3.3585243002021471E-007   2.7104150134466758E-010
   1.0059572016757259        908550846283.17944        281.32650464642944        8.3791967284319785E-002   822.49503485624848        3.3565640326764802E-007   2.7236766059365918E-010
   1.0061493694717170        899511036427.43250        284.04578005396792        8.2877226892648606E-002   821.69117594637510        3.3548412966884292E-007   2.7374299513067952E-010
   1.0063415372677083        890555124590.32800        286.79333730590372        8.1971937917227414E-002   820.88831269064417        3.3533613270107862E-007   2.7516885426548715E-010
   1.0065337050636995        881682173574.80432        289.56956066938028        8.1076008832300178E-002   820.08665045654470        3.3521294255773268E-007   2.7664661509202636E-010
   1.0067258728596917        872891257155.89502        292.37484182288244        8.0189349156592635E-002   819.28639924406275        3.3511509605412673E-007   2.7817768278203166E-010
   1.0069180406556868        864181459988.51965        295.20958089720006        7.9311869441286292E-002   818.48777375133068        3.3504313652549808E-007   2.7976349087797024E-010
   1.0071102084516932        855551877500.69360        298.07418404546331        7.8443481256413636E-002   817.69099343850269        3.3499761370579840E-007   2.8140550157598356E-010
   1.0073023762477462        847001615839.76270        300.96907022213321        7.7584097181297218E-002   816.89628258434834        3.3497908361458229E-007   2.8310520602084516E-010
   1.0074945440439846        838529791693.76685        303.89465370818289        7.6733630784915033E-002   816.10387035754104        3.3498810838368044E-007   2.8486412456584491E-010
   1.0076867118409645        830135532451.78931        306.85138848785260        7.5891996632619460E-002   815.31399083925623        3.3502525621538020E-007   2.8668380714212929E-010
   1.0078788796409106        821817975434.04089        309.83964154785241        7.5059110221357264E-002   814.52688319153185        3.3509110099773592E-007   2.8856583343003847E-010
   1.0080710474527215        813576269518.10559        312.86000090867037        7.4234888099073040E-002   813.74279145136666        3.3518622304856107E-007   2.9051181398145315E-010
   1.0082632153119921        805409569831.47998        315.91231819781996        7.3419247456373626E-002   812.96196547384920        3.3531120771788884E-007   2.9252339041728909E-010
   1.0084553833611001        797317049135.23938        318.99785739142169        7.2612106979714833E-002   812.18465900780427        3.3546665370355134E-007   2.9460224486304476E-010
   1.0086475521695593        789297855608.65491        322.11201033458792        7.1813383615031715E-002   811.41113660806263        3.3565317048824184E-007   2.9675011109635532E-010
   1.0088397240154223        781351177508.37134        325.25985070188705        7.1022996959250823E-002   810.64165689912488        3.3587146716572489E-007   2.9896888834335371E-010
   1.0090319080109005        773475851767.56604        328.40638178503497        7.0240837166626616E-002   809.87651200831704        3.3612243439768245E-007   3.0126089973424753E-010
   1.0092241406048403        765670435509.57739        331.62988961435639        6.9466751952511341E-002   809.11580027978198        3.3640818227216058E-007   3.0363041875547391E-010
   1.0094165675926261        757928444184.04883        335.04408422424541        6.8700089092399261E-002   808.35910973476894        3.3673403008963465E-007   3.0608813833079332E-010
   1.0096097721557959        750224809248.36768        338.36670742287549        6.7938420592951826E-002   807.60487783699466        3.3710577986977617E-007   3.0865096290660855E-010
   1.0098047636041412        742519864649.06897        341.54852376261039        6.7177863690476597E-002   806.84976304509132        3.3752435004559141E-007   3.1133251930054213E-010
   1.0100022707614600        734786131185.76135        344.95295216949773        6.6415704460386124E-002   806.09093838523529        3.3798809471007465E-007   3.1413964908505481E-010
   1.0102024982934592        727017171350.24512        348.56134167868009        6.5651362767031318E-002   805.32820919087408        3.3849790452988802E-007   3.1707829552287845E-010
   1.0104054836693552        719214177746.88440        352.22064406403905        6.4885029556426652E-002   804.56237014339388        3.3905653501104637E-007   3.2015564139693453E-010
   1.0106112648744479        711378120552.81519        355.95852440763053        6.4116852468824051E-002   803.79396335103070        3.3966676560668030E-007   3.2337904565774911E-010
   1.0108198804172304        703509740279.69238        359.79442899501510        6.3346959187630683E-002   803.02356767381355        3.4033139428634087E-007   3.2675617068233624E-010
   1.0110313693365947        695609787094.48938        363.73054430294371        6.2575482086953835E-002   802.25183981412476        3.4105335181655605E-007   3.3029512368347245E-010
   1.0112457712091358        687679013689.41724        367.77183754332236        6.1802555074101838E-002   801.47948650866158        3.4183570387101565E-007   3.3400446635673313E-010
   1.0114631261565596        679718193518.15234        371.92175498975979        6.1028315905659831E-002   800.70727669032067        3.4268166570628731E-007   3.3789325536260830E-010
   1.0116834748531907        671728117345.52869        376.18440568049459        6.0252905590841462E-002   799.93604181606474        3.4359460675807882E-007   3.4197106984613946E-010
   1.0119068585335826        663709595390.73511        380.56388264923692        5.9476468680760605E-002   799.16668138725856        3.4457805812426680E-007   3.4624804590102349E-010
   1.0121333190002362        655663457035.69812        385.06454866719957        5.8699153199864254E-002   798.40016700876924        3.4563571901837892E-007   3.5073491144670776E-010
   1.0123628986314195        647590551389.03772        389.69095164211916        5.7921110698930356E-002   797.63754739083254        3.4677146379903708E-007   3.5544302434199519E-010
   1.0125956403891014        639491747577.41992        394.44787296956093        5.7142496259922210E-002   796.87995342144052        3.4798934899991043E-007   3.6038441299040443E-010
   1.0128315878269887        631367935197.25708        399.34032864227129        5.6363468515076731E-002   796.12860364962398        3.4929362056615071E-007   3.6557182003042603E-010
   1.0130707850986775        623220024795.44153        404.37358799178259        5.5584189657650961E-002   795.38481006025779        3.5068872121234734E-007   3.7101874922530926E-010
   1.0133132769659159        615048948459.20642        409.55318775477394        5.4804825451853056E-002   794.64998417403206        3.5217929792708890E-007   3.7673951587159400E-010
   1.0135591088069795        606855660518.16809        414.88494906798030        5.4025545239128725E-002   793.92564345501933        3.5377020960386555E-007   3.8274930099861336E-010
   1.0138083266251650        598641138360.92200        420.37499545542414        5.3246521941665285E-002   793.21341806485350        3.5546653477565763E-007   3.8906420968165110E-010
   1.0140609770573967        590406383315.54846        426.02977095551103        5.2467932061809504E-002   792.51505804219289        3.5727357939127775E-007   3.9570133379592740E-010
   1.0143171073829556        582152421531.92517        431.85606170649777        5.1689955677920847E-002   791.83244103936443        3.5919688455379089E-007   4.0267881957470578E-010
   1.0145767655323257        573880304822.69153        437.86101621302004        5.0912776436033549E-002   791.16758071634240        3.6124223413572096E-007   4.1001594033983966E-010
   1.0148400000961646        565591111523.92444        444.05217071670455        5.0136581537591478E-002   790.52263577252052        3.6341566223593440E-007   4.1773317479020972E-010
   1.0151068603343949        557285947568.49939        450.43747189657466        4.9361561722228976E-002   789.89991938488777        3.6572346051942297E-007   4.2585229122252548E-010
   1.0153773961854240        548965948062.72339        457.02530669127930        4.8587911245541460E-002   789.30190867125782        3.6817218555482255E-007   4.3439643806984821E-010
   1.0156516582754875        540632279566.92584        463.82452776819622        4.7815827850147805E-002   788.73125385273659        3.7076866622318345E-007   4.4339024112932285E-010
   1.0159296979281252        532286142968.74146        470.84448752717037        4.7045512729079891E-002   788.19078722328231        3.7352001106940335E-007   4.5285990786730410E-010
   1.0162115671737835        523928776374.59955        478.09506766743510        4.6277170480699029E-002   787.68353274216838        3.7643361510819562E-007   4.6283333919509633E-010
   1.0164973187595523        515561457113.20032        485.58671668086674        4.5511009054514426E-002   787.21271767163603        3.7951716524539454E-007   4.7334024908134481E-010
   1.0167870061590369        507185502139.41663        493.33048639572723        4.4747239690466428E-002   786.78178761653874        3.8277864343479921E-007   4.8441229231158450E-010
   1.0170806835823643        498802267012.21454        501.33807403727451        4.3986076852444232E-002   786.39442507122067        3.8622632717245289E-007   4.9608320051286717E-010
   1.0173784059863265        490413145038.86847        509.62186708100415        4.3227738157794078E-002   786.05456934115000        3.8986878797255352E-007   5.0838892633536937E-010
   1.0176802290846658        482019569325.65039        518.19499126870539        4.2472444299874311E-002   785.76643346059268        3.9371488958366075E-007   5.2136779539212293E-010
   1.0179862093585010        473623020365.01715        527.07136135722476        4.1720418956895183E-002   785.53451322357341        3.9777378808890132E-007   5.3506066536426106E-010
   1.0182964040668960        465225039704.64783        536.26573342347183        4.0971888677031894E-002   785.36358618952261        4.0205493483256894E-007   5.4951109164370289E-010
   1.0186108712575754        456827246506.65948        545.79375811161810        4.0227082730440691E-002   785.25870461888451        4.0656808008537901E-007   5.6476549900409017E-010
   1.0189296697777870        448431350072.00922        555.67203853620970        3.9486232927469320E-002   785.22519355841212        4.1132327139984112E-007   5.8087335893310923E-010
   1.0192528592853138        440039150131.23132        565.91819051912421        3.8749573413377585E-002   785.26866948498832        4.1633083773396224E-007   5.9788737206307598E-010
   1.0195805002596392        431652519993.12476        576.55091541427055        3.8017340463506327E-002   785.39509163192008        4.2160135112736315E-007   6.1586365434834104E-010
   1.0199126540132624        423273375603.15961        587.59008033089253        3.7289772306646658E-002   785.61084541733874        4.2714556348068713E-007   6.3486192405899966E-010
   1.0202493827031742        414903643526.75946        599.05681060280506        3.6567108991935229E-002   785.92283822544766        4.3297432597994789E-007   6.5494568453646764E-010
   1.0205907493424882        406545247952.72272        610.97358740559889        3.5849592288567482E-002   786.33857024542692        4.3909850922663097E-007   6.7618239572750220E-010
   1.0209368178122313        398200135901.87073        623.36434435780779        3.5137465570138873E-002   786.86613757074974        4.4552894749692653E-007   6.9864362661695984E-010
   1.0212876528732999        389870348551.69354        636.25455707970650        3.4430973606906001E-002   787.51413918226785        4.5227642561571045E-007   7.2240518161496440E-010
   1.0216433201785766        381558127268.59619        649.67132241216007        3.3730362185138502E-002   788.29149389451436        4.5935170992299179E-007   7.4754719673045800E-010
   1.0220038862852185        373266022664.07520        663.64343100266467        3.3035877504875494E-002   789.20721790429695        4.6676559940649907E-007   7.7415420503050640E-010
   1.0223694186671104        364996963097.34436        678.20144557493632        3.2347765374856847E-002   790.27025057667481        4.7452894815414035E-007   8.0231517365771850E-010
   1.0227399857274921        356754242954.01837        693.37779592409890        3.1666270304281353E-002   791.48942680336040        4.8265259702325820E-007   8.3212351444584592E-010
   1.0231156568117585        348541412430.01379        709.20690641078716        3.0991634657135260E-002   792.87366745002123        4.9114715977055457E-007   8.6367706561072442E-010
   1.0234965022204374        340362083711.57733        725.72535519788687        3.0324098053563509E-002   794.43239767175760        5.0002263907116309E-007   8.9707803326937190E-010
   1.0238825932223441        332219701879.33063        742.97206261930205        2.9663897157421001E-002   796.17612370558322        5.0928789430546789E-007   9.3243287076458684E-010
   1.0242740020679186        324117349672.23132        760.98848360502473        2.9011265883030934E-002   798.11702908155860        5.1895003170873833E-007   9.6985206450699303E-010
   1.0246708020027457        316057654393.17743        779.81878680412888        2.8366435916928074E-002   800.26941753824622        5.2901382172008567E-007   1.0094497912389060E-009
   1.0250730672812622        308042841354.23328        799.50999192764880        2.7729637323944380E-002   802.64984784976195        5.3948125479025575E-007   1.0513434160099474E-009
   1.0254808731806517        300074938382.87250        820.11205949375324        2.7101098933615977E-002   805.27687337994041        5.5035132077991636E-007   1.0956528130944342E-009
   1.0258942960149322        292156092848.46930        841.67793061896668        2.6481048211123050E-002   808.17039732652995        5.6162004438135575E-007   1.1424995111638028E-009
   1.0263134131492366        284288930163.97437        864.26353922070700        2.5869710407874554E-002   811.35075372038580        5.7328074453559027E-007   1.1920056845678931E-009
   1.0267383030142903        276476870551.50885        887.92781653775785        2.5267306936512454E-002   814.83769487673123        5.8532442825235761E-007   1.2442930291524932E-009
   1.0271690451210875        268724331743.73306        912.73271856777308        2.4674053082249351E-002   818.64948875808602        5.9774019490621876E-007   1.2994815691948796E-009
   1.0276057200757727        261036774582.84641        938.74329122131269        2.4090155303456779E-002   822.80230075954978        6.1051552498945890E-007   1.3576884398757241E-009
   1.0280484095947213        253420586446.54620        966.02778092093399        2.3515808452844324E-002   827.30996502491803        6.2363635682180270E-007   1.4190266781900663E-009
   1.0284971965198346        245882832984.92004        994.65777827167199        2.2951193252454215E-002   832.18416177080360        6.3708690665505435E-007   1.4836040380806764E-009
   1.0289521648340405        238430932898.13300        1024.7083791030595        2.2396474288386269E-002   837.43493292623680        6.5084924766914311E-007   1.5515218280517416E-009
   1.0294133996770094        231072318971.58542        1056.2583313731043        2.1851798676458908E-002   843.07140794555062        6.6490271663410960E-007   1.6228737565573463E-009
   1.0298809873610879        223814141812.40143        1089.3901461413120        2.1317295420107844E-002   849.10258545051170        6.7922325209545739E-007   1.6977447655707600E-009
   1.0303550153874501        216663055038.01559        1124.1901512558204        2.0793075368612697E-002   855.53802507511080        6.9378277934651062E-007   1.7762098372975719E-009
   1.0308355724624716        209625098225.84686        1160.7484768402594        2.0279231605944505E-002   862.38833989271620        7.0854874592302650E-007   1.8583327715349199E-009
   1.0313227485143290        202705672762.41928        1199.1589726750967        1.9775840069521985E-002   869.66543075760353        7.2348388272612494E-007   1.9441649487479645E-009
   1.0318166347098308        195909590147.11292        1239.5190627183472        1.9282960209985121E-002   877.38245651637840        7.3854622857706034E-007   2.0337441123986401E-009
   1.0323173234714742        189241164298.35474        1281.9295519649606        1.8800635547153638E-002   885.55357751856707        7.5368941864491090E-007   2.1270932196096669E-009
   1.0328249084947438        182704318738.81024        1326.4943951743353        1.8328894036941514E-002   894.19353771488284        7.6886320649173481E-007   2.2242194188997562E-009
   1.0333394847656427        176302684429.08234        1373.3204468767756        1.7867748225789421E-002   903.31716126920242        7.8401416931665001E-007   2.3251132162361449E-009
   1.0338611485784690        170039671992.02795        1422.5171971719997        1.7417195220358717E-002   912.93883532738266        7.9908653714074053E-007   2.4297478860418842E-009
   1.0343899975538347        163918510725.63959        1474.1965068117752        1.6977216534676678E-002   923.07203608623070        8.1402308758100939E-007   2.5380791734041694E-009
   1.0349261306569340        157942254333.85159        1528.4723424107908        1.6547777893774526E-002   933.72893597951554        8.2876605556640512E-007   2.6500453196657704E-009
   1.0354696482160641        152113758682.94470        1585.4605166874778        1.6128829072691430E-002   944.92011031744801        8.4325801848133050E-007   2.7655674277645993E-009
   1.0360206519413981        146435639854.15427        1645.2784344462946        1.5720303838601339E-002   956.65434538937950        8.5744272893746306E-007   2.8845501682376947E-009
   1.0365792449440197        140910221577.27692        1708.0448460251805        1.5322120045551521E-002   968.93853848258618        8.7126587763276719E-007   3.0068828129153730E-009
   1.0371455317552176        135539480371.26482        1773.8796089960488        1.4934179910814707E-002   981.77767372904691        8.8467577655146173E-007   3.1324405718162804E-009
   1.0377196183460480        130324995035.46179        1842.9034615345572        1.4556370482720876E-002   995.17485546264015        8.9762395792796903E-007   3.2610861999367873E-009
   1.0383016121471649        125267905101.00546        1915.2378093421939        1.4188564293899029E-002   1009.1313816549244        9.1006568734504175E-007   3.3926718343931204E-009
   1.0388916220689235        120368880883.37523        1991.0045286778627        1.3830620182008539E-002   1023.6468427247501        9.2196039073970351E-007   3.5270410183706133E-009
   1.0394897585217611        115628106123.53133        2070.3257913646353        1.3482384252593880E-002   1038.7192345083595        9.3327199568320129E-007   3.6640308663334340E-009
   1.0400961334368586        111045272967.74812        2153.3239124036459        1.3143690954892786E-002   1054.3450776267243        9.4396918765805981E-007   3.8034743245136712E-009
   1.0407108602870869        106619588212.52631        2240.1212252498876        1.2814364240255977E-002   1070.5195384173251        9.5402558254648124E-007   3.9452024814867706E-009
   1.0413340541082410        102349789273.50914        2330.8399857998934        1.2494218773988566E-002   1087.2365488186867        9.6341981736474060E-007   4.0890468855866577E-009
   1.0419658315205671        98234168139.260056        2425.6023082580859        1.2183061173748927E-002   1104.4889240786354        9.7213556240868600E-007   4.2348418286721806E-009
   1.0426063107505863        94270601558.375732        2524.5301323445369        1.1880691250630739E-002   1122.2684780133588        9.8016145931783642E-007   4.3824265592680007E-009
   1.0432556116532183        90456585810.808258        2627.7452239517529        1.1586903232394259E-002   1140.5661359261289        9.8749099095787695E-007   4.5316473921662949E-009
   1.0439138557342111        86789274578.237411        2735.3692067964334        1.1301486951637090E-002   1159.3720453595247        9.9412229030590119E-007   4.6823596860670151E-009
   1.0445811661728777        83265518618.000580        2847.5236272623060        1.1024228985040034E-002   1178.6756847527377        1.0000578965734105E-006   4.8344296656634839E-009
   1.0452576678451475        79881906136.646271        2964.3300464081881        1.0754913732568974E-002   1198.4659698815558        1.0053044675056261E-006   4.9877360693366587E-009
   1.0459434873469351        76634802943.471588        3085.9101627299774        1.0493324428350794E-002   1218.7313577813275        1.0098724571506853E-006   5.1421716085017813E-009
   1.0466387530178298        73520391634.268600        3212.3859589080521        1.0239244077466717E-002   1239.4599477095662        1.0137757683802347E-006   5.2976442292982232E-009
   1.0473435949651124        70534709207.212326        3343.8798724946355        9.9924563147121247E-003   1260.6395785985014        1.0170313890799311E-006   5.4540781714624133E-009
   1.0480581450881041        67673682651.189224        3480.5149884824573        9.7527461835923163E-003   1282.2579224281205        1.0196590203276537E-006   5.6114148232488570E-009
   1.0487825371028470        64933162167.018723        3622.4152490162196        9.5199008351934539E-003   1304.3025729550461        1.0216807040423610E-006   5.7696133745683144E-009
   1.0495169065671273        62308951788.391884        3769.7056803431351        9.2937101479493075E-003   1326.7611292842960        1.0231204566269633E-006   5.9286512733685887E-009
   1.0502613909058442        59796837261.903877        3922.5126328894153        9.0739672705452881E-003   1349.6212738589486        1.0240039141065735E-006   6.0885244927445149E-009
   1.0510161294367255        57392611123.531868        4080.9640320475651        8.8604690908964962E-003   1372.8708445206014        1.0243579932050015E-006   6.2492476179443927E-009
   1.0517812633963977        55092094975.798355        4245.1896395360181        8.6530166350463501E-003   1396.4979004077054        1.0242105718044549E-006   6.4108537639923358E-009
   1.0525569359668177        52891159023.415314        4415.3213198462481        8.4514154001926935E-003   1420.4907815469410        1.0235901912771298E-006   6.5733943355076281E-009
   1.0533432923020662        50785738968.408821        4591.4933134599496        8.2554756264044873E-003   1444.8381620800731        1.0225257823213330E-006   6.7369386408739939E-009
   1.0541404795555112        48771850399.065292        4773.8425124353444        8.0650125118984020E-003   1469.5290971588693        1.0210464151916109E-006   6.9015733733130301E-009
   1.0549486469073441        46845600830.555481        4962.5087380530140        7.8798463766919860E-003   1494.5530635986161        1.0191810745636224E-006   7.0674019713529921E-009
   1.0557679455924978        45003199571.556305        5157.6350191565771        7.6998027795558057E-003   1519.8999944449547        1.0169584587547485E-006   7.2345438711259266E-009
   1.0565985289289470        43240965600.091278        5359.3678687686288        7.5247125929920281E-003   1545.5603076497239        1.0144068025958854E-006   7.4031336626198452E-009
   1.0574405523463990        41555333635.444527        5567.8575592998804        7.3544120408348158E-003   1571.5249290835191        1.0115537229290630E-006   7.5733201616216772E-009
   1.0582941734153797        39942858591.943123        5783.2583940188015        7.1887427028828367E-003   1597.7853101433636        1.0084260854770534E-006   7.7452654087521394E-009
   1.0591595518767210        38400218595.399490        6005.7289745944545        7.0275514906794640E-003   1624.3334402235198        1.0050498916714525E-006   7.9191436064753426E-009
   1.0600368496714525        36924216735.380241        6235.4324630527126        6.8706905982865527E-003   1651.1618543254131        1.0014501839372200E-006   8.0951400045194194E-009
   1.0609262309711076        35511781716.819832        6472.5368383239784        6.7180174316341960E-003   1678.2636360894205        9.9765096789851403E-007   8.2734497437476438E-009
   1.0618278622084438        34159967563.342857        6717.2151449985122        6.5693945197012231E-003   1705.6324165218384        9.9367514997640672E-007   8.4542766680233429E-009
   1.0627419121085884        32865952512.817223        6969.6457356862575        6.4246894105287090E-003   1733.2623686912716        9.8954448889381821E-007   8.6378321132625544E-009
   1.0636685517206128        31627037233.300877        7230.0125033412314        6.2837745547394729E-003   1761.1481986522667        9.8527955966660432E-007   8.8243336823947567E-009
   1.0646079544495417        30440642475.324299        7498.5051061607965        6.1465271789939244E-003   1789.2851328474646        9.8089972874635532E-007   9.0140040145930742E-009
   1.0655602960888018        29304306264.453617        7775.3191809546679        6.0128291515539715E-003   1817.6689022276419        9.7642313907535211E-007   9.2070695567277949E-009
   1.0665257548531200        28215680726.421791        8060.6565469188499        5.8825668418361161E-003   1846.2957233096552        9.7186670391059767E-007   9.4037593444905333E-009
   1.0675045114118724        27172528626.428261        8354.7253974682117        5.7556309756802504E-003   1875.1622763904129        9.6724610838250377E-007   9.6043038003048826E-009
   1.0684967489228936        26172719693.889969        8657.7404801778866        5.6319164877970422E-003   1904.2656811132983        9.6257581784818465E-007   9.8089335545224758E-009
   1.0695026530667522        25214226794.529488        8969.9232631278755        5.5113223726580580E-003   1933.6034695739663        9.5786909219474037E-007   1.0017878295870336E-008
   1.0705224120814971        24295122003.309875        9291.5020890372907        5.3937515349863430E-003   1963.1735571487220        9.5313800534316114E-007   1.0231365656581827E-008
   1.0715562167978832        23413572623.729794        9622.7123127248306        5.2791106407611048E-003   1992.9742112083520        9.4839346927757028E-007   1.0449620136823961E-008
   1.0726042606750823        22567837192.166592        9963.7964258962893        5.1673099695607651E-003   2023.0040178808556        9.4364526200384820E-007   1.0672862072380967E-008
   1.0736667398368860        21756261499.764587        10315.004163854937        5.0582632689515784E-003   2053.2618470194343        9.3890205890849649E-007   1.0901306648725446E-008
   1.0747438531084068        20977274658.684792        10676.592596747394        4.9518876114457771E-003   2083.7468155176039        9.3417146704018825E-007   1.1135162963603079E-008
   1.0758358020532843        20229385234.950974        11048.826203326673        4.8481032545580494E-003   2114.4582491269243        9.2946006189754631E-007   1.1374633139520727E-008
   1.0769427910114060        19511177465.664417        11431.976925891842        4.7468335043077473E-003   2145.3956429120826        9.2477342634058695E-007   1.1619911486309910E-008
   1.0780650271371435        18821307574.786598        11826.324207389800        4.6480045824816539E-003   2176.5586204902479        9.2011619128577564E-007   1.1871183713067960E-008
   1.0792027204381209        18158500198.538097        12232.155008473628        4.5515454979138800E-003   2207.9468921981252        9.1549207787681316E-007   1.2128626187700583E-008
   1.0803560838145119        17521544928.619308        12649.763804425924        4.4573879219346217E-003   2239.5602123262411        9.1090394084549149E-007   1.2392405241183706E-008
   1.0815253330988812        16909292979.271732        13079.452562284792        4.3654660681499025E-003   2271.3983355756036        9.0635381280644977E-007   1.2662676512818677E-008
   1.0827106870965750        16320653982.104158        13521.530695384641        4.2757165766168321E-003   2303.4609728808127        9.0184294924291924E-007   1.2939584331626192E-008
   1.0839123676266653        15754592910.980278        13976.314997554819        4.1880784024595418E-003   2335.7477467572103        8.9737187395961370E-007   1.3223261128250321E-008
   1.0851305995634604        15210127137.935423        14444.129554373951        4.1024927089658367E-003   2368.2581463367469        8.9294042479644280E-007   1.3513826871005628E-008
   1.0863656108785855        14686323619.809877        14925.305631793673        4.0189027651201725E-003   2400.9914822531446        8.8854779940347844E-007   1.3811388518915005E-008
   1.0876176326836446        14182296214.452482        15420.181542560611        3.9372538475601964E-003   2433.9468415552078        8.8419260089601516E-007   1.4116039484243245E-008
   1.0888868992734695        13697203124.500784        15929.102488287841        3.8574931468890656E-003   2467.1230428267254        8.7987288321579999E-007   1.4427859096601437E-008
   1.0901736481699629        13230244466.138296        16452.420379071995        3.7795696782667713E-003   2500.5185916984283        8.7558619603655597E-007   1.4746912060563036E-008
   1.0914781201665478        12780659959.775362        16990.493628820950        3.7034341962095471E-003   2534.1316369531223        8.7132962906555308E-007   1.5073247898899856E-008
   1.0928005593732268        12347726739.140182        17543.686926721228        3.6290391134772598E-003   2567.9599274191369        8.6709985559915673E-007   1.5406900373654739E-008
   1.0941412132622639        11930757275.052498        18112.370985479745        3.5563384239580853E-003   2602.0007698691043        8.6289317520684020E-007   1.5747886877961022E-008
   1.0955003327144952        11529097409.874281        18696.922264391495        3.4852876294177819E-003   2636.2509881344836        8.5870555542518562E-007   1.6096207792078039E-008
   1.0968781720662761        11142124498.554911        19297.722670577397        3.4158436700103354E-003   2670.7068836649041        8.5453267236044076E-007   1.6451845798245399E-008
   1.0982749891570767        10769245652.015882        19915.159233779068        3.3479648584035147E-003   2705.3641977580578        8.5036995010488395E-007   1.6814765149990212E-008
   1.0996910453777313        10409896078.644176        20549.623761028288        3.2816108174025965E-003   2740.2180756959956        8.4621259888946941E-007   1.7184910893017161E-008
   1.1011266057193547        10063537519.615917        21201.512464425537        3.2167424209349751E-003   2775.2630330275683        8.4205565190535139E-007   1.7562208036373847E-008
   1.1025819388229297        9729656773.7981434        21871.225569785376        3.1533217382587169E-003   2810.4929242367234        8.3789400073941010E-007   1.7946560674314572E-008
   1.1040573170295787        9407764308.0513287        22559.166899504795        3.0913119812721558E-003   2845.9009140436433        8.3372242938356341E-007   1.8337851061285878E-008
   1.1055530164315286        9097392948.7615948        23265.743436204339        3.0306774547682702E-003   2881.4794515755007        8.2953564678442407E-007   1.8735938644315179E-008
   1.1070693169237762        8798096650.5993404        23991.364863276835        2.9713835095235260E-003   2917.2202476542420        8.2532831791818507E-007   1.9140659059414825E-008
   1.1086065022564662        8509449338.5307369        24736.443086148967        2.9133964980749927E-003   2953.1142554353273        8.2109509338058805E-007   1.9551823100595104E-008
   1.1101648600879894        8231043819.2468252        25501.391732589356        2.8566837330574173E-003   2989.1516546256612        8.1683063749424078E-007   1.9969215672281488E-008
   1.1117446820388148        7962490758.2916470        26286.625635461722        2.8012134479747991E-003   3025.3218395049630        8.1252965494432109E-007   2.0392594738088826E-008
   1.1133462637460600        7703417719.2879009        27092.560296153668        2.7469547602788557E-003   3061.6134109565910        8.0818691596098166E-007   2.0821690280865104E-008
   1.1149699049188146        7453468261.7796984        27919.611332561872        2.6938776366280072E-003   3098.0141727009218        8.0379728007278217E-007   2.1256203290802435E-008
   1.1166159093942274        7212301094.3650951        28768.193910419937        2.6419528602143255E-003   3134.5111319089324        7.9935571846266042E-007   2.1695804800176975E-008
   1.1182845851943624        6979589279.8994255        29638.722161197977        2.5911520000365773E-003   3171.0905043453113        7.9485733496015899E-007   2.2140134984643493E-008
   1.1199762445838410        6755019489.6982050        30531.608586433158        2.5414473820086683E-003   3207.7377241740860        7.9029738570698581E-007   2.2588802352284753E-008
   1.1216912041282776        6538291303.7954979        31447.263451381754        2.4928120617922428E-003   3244.4374585222231        7.8567129753444297E-007   2.3041383042391035E-008
   1.1234297847535180        6329116554.4583178        32386.094168569311        2.4452197992526231E-003   3281.1736268731765        7.8097468509243902E-007   2.3497420256548936E-008
   1.1251923118056968        6127218710.2748108        33348.504673653617        2.3986450344323611E-003   3317.9294253221510        7.7620336676739312E-007   2.3956423844638410E-008
   1.1269791151121193        5932332298.2753983        34334.894795106324        2.3530628649470801E-003   3354.6873556903693        7.7135337942580760E-007   2.4417870068090125E-008
   1.1287905290429843        5744202361.6747255        35345.659620004306        2.3084490247122385E-003   3391.4292594548738        7.6642099201776112E-007   2.4881201562014802E-008
   1.1306268925739544        5562583950.9411259        36381.188857442379        2.2647798639095730E-003   3428.1363564072140        7.6140271807033522E-007   2.5345827516594236E-008
   1.1324885493495911        5387241646.0268440        37441.866202384961        2.2220323301079532E-003   3464.7892879103460        7.5629532709764168E-007   2.5811124096503263E-008
   1.1343758477476609        5217949107.7151146        38528.068701584547        2.1801839504601559E-003   3501.3681645801917        7.5109585495026328E-007   2.6276435115087008E-008
   1.1362891409443290        5054488656.1508799        39640.166124201329        2.1392128148969153E-003   3537.8526181703292        7.4580161312174653E-007   2.6741072977481498E-008
   1.1382287869802505        4896650874.7384233        40778.520339370647        2.0990975602474728E-003   3574.2218573937535        7.4041019702618187E-007   2.7204319904011053E-008
   1.1401951488275708        4744234237.6914721        41943.484702866845        2.0598173552149740E-003   3610.4547273700236        7.3491949325537644E-007   2.7665429441904336E-008
   1.1421885944578503        4597044759.6307163        43135.403455800122        2.0213518861432597E-003   3646.5297723445165        7.2932768582114063E-007   2.8123628269862144E-008
   1.1442094969109240        4454895665.7221041        44354.611137038242        1.9836813435140654E-003   3682.4253012852823        7.2363326138423903E-007   2.8578118296185677E-008
   1.1462582343647101        4317607080.9453859        45601.432012631994        1.9467864091180604E-003   3718.1194559269179        7.1783501346871880E-007   2.9028079047198614E-008
   1.1483351902059789        4185005737.1662374        46876.179523353872        1.9106482438418552E-003   3753.5902807923512        7.1193204565693726E-007   2.9472670338494734E-008
   1.1504407531020973        4056924696.7815032        48179.155754437859        1.8752484760227815E-003   3788.8157947015770        7.0592377376002153E-007   2.9911035217473357E-008
   1.1525753170737620        3933203091.7889557        49510.650927941846        1.8405691903271438E-003   3823.7740632502810        6.9980992695838502E-007   3.0342303161504164E-008
   1.1547392815687336        3813685877.1981497        50870.942921171249        1.8065929171008650E-003   3858.4432717195500        6.9359054790405397E-007   3.0765593511883594E-008
   1.1569330515365852        3698223597.7889609        52260.296812818691        1.7733026221562734E-003   3892.8017978714884        6.8726599178088216E-007   3.1180019120091135E-008
   1.1591570375044846        3586672167.2877860        53678.964458910079        1.7406816969585352E-003   3926.8282840838392        6.8083692431907637E-007   3.1584690179259027E-008
   1.1614116556540144        3478892659.0889831        55127.184099644015        1.7087139491697967E-003   3960.5017082657932        6.7430431876200920E-007   3.1978718210378136E-008
   1.1636973278990568        3374751107.7252626        56605.180000656990        1.6773835935248380E-003   3993.8014530236378        6.6766945178910480E-007   3.2361220170195817E-008
   1.1660144819647438        3274118320.3405442        58113.162127507348        1.6466752430069110E-003   4026.7073725518144        6.6093389840138470E-007   3.2731322645268601E-008
   1.1683635514675024        3176869697.4692063        59651.325857449221        1.6165739002922935E-003   4059.1998567426676        6.5409952578082206E-007   3.3088166094741573E-008
   1.1707449759961970        3082885062.4886312        61219.851727513735        1.5870649494439226E-003   4091.2598920556725        6.4716848614122999E-007   3.3430909103348645E-008
   1.1731592011943899        2992048499.1488028        62818.905221189510        1.5581341478278523E-003   4122.8691187018067        6.4014320859383866E-007   3.3758732605241224E-008
   1.1756066788437389        2904248196.6320877        64448.636593424148        1.5297676182321721E-003   4154.0098837545320        6.3302639005624376E-007   3.4070844039243497E-008
   1.1780878669485380        2819376301.6380773        66109.180735458416        1.5019518411702624E-003   4184.6652898387720        6.2582098524071755E-007   3.4366481396626555E-008
   1.1806032298214260        2737328777.0266275        67800.657078648888        1.4746736473516420E-003   4214.8192390987861        6.1853019576418321E-007   3.4644917123571063E-008
   1.1831532381702754        2658005266.5861449        69523.169538351154        1.4479202103033987E-003   4244.4564721998804        6.1115745842743677E-007   3.4905461842076129E-008
   1.1857383691862775        2581308965.5334477        71276.806497123485        1.4216790391316325E-003   4273.5626021737053        6.0370643271932746E-007   3.5147467855352363E-008
   1.1883591066332393        2507146496.3757153        73061.640826825926        1.3959379714079943E-003   4302.1241429722859        5.9618098760514306E-007   3.5370332406236530E-008
   1.1910159409381129        2435427789.8006463        74877.729949744971        1.3706851661730820E-003   4330.1285326524003        5.8858518766598761E-007   3.5573500660346294E-008
   1.1937093692827714        2366065970.2834063        76725.115936712580        1.3459090970463568E-003   4357.5641511682943        5.8092327865918663E-007   3.5756468389029358E-008
   1.1964398956970463        2298977246.1256280        78603.825642751224        1.3215985454343984E-003   4384.4203328036920        5.7319967257466754E-007   3.5918784330881221E-008
   1.1992080311530495        2234080803.6669793        80513.870877732290        1.2977425938331228E-003   4410.6873733287084        5.6541893226647295E-007   3.6060052214599023E-008
   1.2020142936607929        2171298705.4257498        82455.248611511197        1.2743306192148762E-003   4436.3565320121361        5.5758575573940625E-007   3.6179932429835050E-008
   1.2048592083651242        2110555791.9499471        84427.941211934813        1.2513522864977438E-003   4461.4200286659170        5.4970496017499404E-007   3.6278143336987292E-008
   1.2077433076440012        2051779587.1766779        86431.916713827071        1.2287975420931779E-003   4485.8710359439310        5.4178146578063959E-007   3.6354462210928956E-008
   1.2106671312081150        1994900207.1147738        88467.129117694829        1.2066566075296208E-003   4509.7036671477917        5.3382027954722718E-007   3.6408725817748034E-008
   1.2136312262018893        1939850271.6775720        90533.518715293932        1.1849199731468123E-003   4532.9129598240806        5.2582647899821501E-007   3.6440830627364250E-008
   1.2166361473058691        1886564819.5134170        92631.012442104533        1.1635783918627412E-003   4555.4948554673765        5.1780519601444069E-007   3.6450732668813384E-008
   1.2196824568405187        1834981225.6891541        94759.524251682800        1.1426228730105764E-003   4577.4461756640649        5.0976160081453601E-007   3.6438447038310816E-008
   1.2227707248714521        1785039122.0947590        96918.955513418754        1.1220446762446052E-003   4598.7645950193764        5.0170088616951896E-007   3.6404047073437543E-008
   1.2259015293161100        1736680320.4499481        99109.195427800005        1.1018353055162798E-003   4619.4486112339600        4.9362825192581052E-007   3.6347663209716250E-008
   1.2290754560519079        1689848737.8000753        101330.12146078001        1.0819865031190218E-003   4639.4975126885192        4.8554888990715158E-007   3.6269481538297005E-008
   1.2322930990258731        1644490324.4015000        103581.59979152687        1.0624902438042410E-003   4658.9113439066850        4.7746796926164820E-007   3.6169742085756226E-008
   1.2355550603657925        1600552993.9002900        105863.48577467330        1.0433387289673498E-003   4677.6908692529041        4.6939062231439367E-007   3.6048736838685738E-008
   1.2388619504928891        1557986555.7202663        108175.62441215735        1.0245243809075127E-003   4695.8375352271532        4.6132193098153301E-007   3.5906807537340907E-008
   1.2422143882360537        1516742649.5767097        110517.85083453039        1.0060398371586603E-003   4713.3534316885034        4.5326691379496621E-007   3.5744343263455979E-008
   1.2456130009476472        1476774682.0452178        112889.99078888549        9.8787794489723821E-004   4730.2412523492030        4.4523051358204687E-007   3.5561777848303658E-008
   1.2490584246209002        1438037765.1138861        115291.86113092626        9.7003175542510756E-004   4746.5042548437896        4.3721758583739712E-007   3.5359587127181075E-008
   1.2525513040089273        1400488656.6552060        117723.27032066022        9.5249451872985119E-004   4762.1462206652450        4.2923288781894759E-007   3.5138286066672245E-008
   1.2560922927453821        1364085702.7582130        120184.01891815814        9.3525967812502914E-004   4777.1714152493205        4.2128106839323953E-007   3.4898425790755938E-008
   1.2596820534667748        1328788781.8633311        122673.90007910327        9.1832086497044144E-004   4791.5845484485744        4.1336665864974394E-007   3.4640590531208574E-008
   1.2633212579364717        1294559250.6476264        125192.70004734646        9.0167189347527927E-004   4805.3907356303980        4.0549406329777674E-007   3.4365394527047673E-008
   1.2670105871704054        1261359891.6090612        127740.19864348936        8.8530675558398241E-004   4818.5954596001584        3.9766755285343149E-007   3.4073478896625387E-008
   1.2707507315645159        1229154862.3032193        130316.16974805668        8.6921961594791796E-004   4831.2045335322855        3.8989125661971245E-007   3.3765508504931495E-008
   1.2745423910239460        1197909646.1857424        132920.38177698644        8.5340480698244657E-004   4843.2240650667391        3.8216915645631618E-007   3.3442168847139194E-008
   1.2783862750940163        1167591005.0181456        135552.59814995067        8.3785682401218465E-004   4854.6604217073191        3.7450508133226348E-007   3.3104162968107567E-008
   1.2822831030930062        1138166932.7943928        138212.57774760909        8.2257032050431971E-004   4865.5201976328453        3.6690270264897451E-007   3.2752208435838290E-008
   1.2862336042467606        1109606611.1479189        140900.07536017880        8.0754010339103676E-004   4875.8101820162619        3.5936553031738865E-007   3.2387034385289375E-008
   1.2902385178251530        1081880366.2013464        143614.84212259849        7.9276112848323968E-004   4885.5373289219388        3.5189690957027846E-007   3.2009378647337598E-008
   1.2942985932804274        1054959626.8191322        146356.62593888023        7.7822849597379909E-004   4894.7087288336388        3.4450001848531653E-007   3.1619984975774705E-008
   1.2984145903874462        1028816884.2285477        149125.17189215988        7.6393744603345725E-004   4903.3315818544770        3.3717786619370341E-007   3.1219600383763863E-008
   1.3025872793858679        1003425652.9717206        151920.22264169285        7.4988335449801603E-004   4911.4131725910320        3.2993329174554381E-007   3.0808972599322780E-008
   1.3068174411242861        978760433.15462863        154741.51880491534        7.3606172864812110E-004   4918.9608467347462        3.2276896360102040E-007   3.0388847647867294E-008
   1.3111058672063507        954796673.95823503        157588.79932506473        7.2246820308107624E-004   4925.9819893257891        3.1568737971515395E-007   2.9959967568232229E-008
   1.3154533601389047        931510738.37875676        160461.80182323352        7.0909853567538677E-004   4932.4840046865811        3.0869086818198214E-007   2.9523068267117681E-008
   1.3198607334821584        908879869.16404748        163360.26293519503        6.9594860364784520E-004   4938.4742979892726        3.0178158840375931E-007   2.9078877515492465E-008
   1.3243288120019348        886882155.91319394        166283.91863195147        6.8301439970223053E-004   4943.9602584222230        2.9496153274876520E-007   2.8628113089091775E-008
   1.3288584318240098        865496503.30808282        169232.50452523807        6.7029202827006604E-004   4948.9492439051955        2.8823252866249262E-007   2.8171481054025848E-008
   1.3334504405905796        844702600.44579983        172205.75615602272        6.5777770184312573E-004   4953.4485673052404        2.8159624119571480E-007   2.7709674197322532E-008
   1.3381056976188823        824480891.24031067        175203.40926803209        6.4546773739630086E-004   4957.4654840892726        2.7505417591348149E-007   2.7243370601182819E-008
   1.3428250740620049        804812545.86385417        178225.20006454876        6.3335855290110943E-004   4961.0071813546829        2.6860768214966604E-007   2.6773232358874726E-008
   1.3476094530719045        785679433.19758034        181270.86545011899        6.2144666392828854E-004   4964.0807681699316        2.6225795657182598E-007   2.6299904429294423E-008
   1.3524597299646761        767064094.26271677        184340.14325615994        6.0972868033958233E-004   4966.6932671584709        2.5600604702263048E-007   2.5824013626595519E-008
   1.3573768123880956        748949716.60270202        187432.77245149264        5.9820130306691166E-004   4968.8516072542243        2.4985285660432991E-007   2.5346167740575813E-008
   1.3623616204914710        731320109.58814073        190548.49333761164        5.8686132097834486E-004   4970.5626175600692        2.4379914797427167E-007   2.4866954783046585E-008
   1.3674150870978323        714159680.61704576        193687.04772946311        5.7570560783038230E-004   4971.8330222384720        2.3784554782097130E-007   2.4386942354998817E-008
   1.3725381578784939        697453412.18217981        196848.17912109403        5.6473111930446264E-004   4972.6694363624601        2.3199255149083531E-007   2.3906677128939286E-008
   1.3777317915300213        681186839.77863848        200031.63283823463        5.5393489012667448E-004   4973.0783626579405        2.2624052773751868E-007   2.3426684440562119E-008
   1.3829969599536356        665346030.62629414        203237.15617642525        5.4331403127095591E-004   4973.0661890738093        2.2058972356785972E-007   2.2947467983794765E-008
   1.3883346484370866        649917563.17948592        206464.49852599751        5.3286572724217272E-004   4972.6391871072065        2.1504026915850191E-007   2.2469509602927552E-008
   1.3937458558390354        634888507.39965177        209713.41148497767        5.2258723343943144E-004   4971.8035108221020        2.0959218282045503E-007   2.1993269175684235E-008
   1.3992315947759717        620246405.76620018        212983.64895866648        5.1247587359842296E-004   4970.5651965063444        2.0424537598923048E-007   2.1519184580964577E-008
   1.4047928918117094        605979254.99997056        216274.96724806644        5.0252903730981294E-004   4968.9301628943249        1.9899965822025165E-007   2.1047671744992002E-008
   1.4104307876494901        592075488.47699785        219587.12512702664        4.9274417761426784E-004   4966.9042119114529        1.9385474217090677E-007   2.0579124759804216E-008
   1.4161463373267336        578523959.30852902        222919.88390786073        4.8311880867175878E-004   4964.4930298814525        1.8881024855181701E-007   2.0113916068024637E-008
   1.4219406104124697        565313924.06424439        226273.00749742927        4.7365050350315924E-004   4961.7021891423728        1.8386571103140263E-007   1.9652396708016788E-008
   1.4278146912074912        552435027.11766636        229646.26244305406        4.6433689180435620E-004   4958.5371500300671        1.7902058107991487E-007   1.9194896613803061E-008
   1.4337696789472614        539877285.59106100        233039.41796872078        4.5517565782991667E-004   4955.0032631787153        1.7427423273951803E-007   1.8741724964171702E-008
   1.4398066880076188        527631074.87921470        236452.24600340420        4.4616453834541282E-004   4951.1057720963581        1.6962596730916816E-007   1.8293170575723475E-008
   1.4459268481133121        515687114.73188198        239884.52119998788        4.3730132064739527E-004   4946.8498159788669        1.6507501793411119E-007   1.7849502334824681E-008
   1.4521313045494109        504036455.87447417        243336.02094734742        4.2858384064884065E-004   4942.2404327219738        1.6062055409084846E-007   1.7410969663625664E-008
   1.4584212183756255        492670467.14825666        246806.52537434132        4.2000998102953544E-004   4937.2825621008160        1.5626168596006300E-007   1.6977803015632269E-008
   1.4647977666435805        481580823.15044922        250295.81734734541        4.1157766944880964E-004   4931.9810490802311        1.5199746868051915E-007   1.6550214396473479E-008
   1.4712621426170787        470759492.35672730        253803.68246158518        4.0328487682032296E-004   4926.3406472316738        1.4782690647865588E-007   1.6128397905874650E-008
   1.4778155559954025        460198725.70820320        257329.90902597553        3.9512961564715552E-004   4920.3660222286826        1.4374895666917265E-007   1.5712530297033357E-008
   1.4844592331396871        449891045.64529806        260874.28804308918        3.8710993841525968E-004   4914.0617553936245        1.3976253352278996E-007   1.5302771549839796E-008
   1.4911944173024141        439829235.57254046        264436.61318390432        3.7922393604478323E-004   4907.4323472778651        1.3586651199860490E-007   1.4899265454702915E-008
   1.4980223688600651        430006329.73768687        268016.68075775239        3.7146973639728801E-004   4900.4822212520803        1.3205973133887095E-007   1.4502140203918741E-008
   1.5049443655489798        420415603.50979316        271614.28967861843        3.6384550283777832E-004   4893.2157270888520        1.2834099852503021E-007   1.4111508987798831E-008
   1.5119617027044638        411050564.04110837        275229.24142696860        3.5634943285017129E-004   4885.6371445240584        1.2470909159422881E-007   1.3727470592983118E-008
   1.5190756935031877        401904941.29801863        278861.34000901092        3.4897975670462341E-004   4877.7506867762240        1.2116276281647782E-007   1.3350110000595758E-008
   1.5262876692089260        392972679.44742334        282510.39191230456        3.4173473617613069E-004   4869.5605040192786        1.1770074173298232E-007   1.2979498982134497E-008
   1.5335989794216820        384247928.58433497        286176.20605896547        3.3461266331225151E-004   4861.0706867883382        1.1432173805666130E-007   1.2615696691139244E-008
   1.5410109923302409        375725036.78796923        289858.59375682432        3.2761185924933000E-004   4852.2852693161276        1.1102444443634469E-007   1.2258750248926228E-008
   1.5485250949682057        367398542.49343562        293557.36864803848        3.2073067307566831E-004   4843.2082327853914        1.0780753908665939E-007   1.1908695322837105E-008
   1.5561426934735549        359263167.16680992        297272.34665691474        3.1396748074050400E-004   4833.8435084927341        1.0466968828577124E-007   1.1565556695624464E-008
   1.5638652133517790        351313808.27194339        301003.34593539598        3.0732068400780057E-004   4824.1949809183643        1.0160954874362675E-007   1.1229348824773266E-008
   1.5716940997426392        343545532.51723599        304750.18680848397        3.0078870945314507E-004   4814.2664906921018        9.8625769843441973E-008   1.0900076390678478E-008
   1.5796308176906015        335953569.37183690        308512.69171813974        2.9437000750318347E-004   4804.0618374546002        9.5716995759668782E-008   1.0577734832790098E-008
   1.5876768524189950        328533304.84038049        312290.68516725145        2.8806305151605935E-004   4793.5847826106801        9.2881867455481106E-008   1.0262310872918108E-008
   1.5958337096079460        321280275.48629481        316083.99366289057        2.8186633690197087E-004   4782.8390519692393        9.0119024563444314E-008   9.9537830250585231E-009
   1.6041029156761411        314190162.69357377        319892.44565990573        2.7577838028237093E-004   4771.8283382682130        8.7427107152698081E-008   9.6521220911722460E-009
   1.6124860180664711        307258787.15797317        323715.87150474044        2.6979771868725202E-004   4760.5563035850255        8.4804757386510308E-008   9.3572916425022879E-009
   1.6209845855356086        300482103.59825671        327554.10337919608        2.6392290878906764E-004   4749.0265816311257        8.2250621073766936E-008   9.0692484860651978E-009
   1.6296002084475745        293856195.67872250        331406.97524565825        2.5815252617216448E-004   4737.2427799264970        7.9763349118272474E-008   8.7879431160652478E-009
   1.6383344990713475        287377271.13490671        335274.32279234170        2.5248516463713524E-004   4725.2084818605426        7.7341598869674644E-008   8.5133201500681384E-009
   1.6471890918825740        281041657.09397823        339155.98338010884        2.4691943553850968E-004   4712.9272486348873        7.4984035379740924E-008   8.2453187498110441E-009
   1.6561656438694314        274845795.58237028        343051.79599024920        2.4145396715522186E-004   4700.4026210909533        7.2689332567943476E-008   7.9838730266343304E-009
   1.6652658348427072        268786239.21306390        346961.60117357085        2.3608740409272614E-004   4687.6381214244893        7.0456174300055745E-008   7.7289124315490899E-009
   1.6744913677501461        262859647.04524463        350885.24100098963        2.3081840671563885E-004   4674.6372547860583        6.8283255383529638E-008   7.4803621300142628E-009
   1.6838439689951288        257062780.60956535        354822.55901598529        2.2564565061014788E-004   4661.4035107716700        6.6169282483379673E-008   7.2381433615548308E-009
   1.6933253887597390        251392500.09237167        358773.40018838417        2.2056782607524032E-004   4647.9403648055904        6.4112974962226263E-008   7.0021737843879763E-009
   1.7029374013322800        245845760.67235687        362737.61087046377        2.1558363764158584E-004   4634.2512794147597        6.2113065648055332E-008   6.7723678052538674E-009
   1.7126818054393045        240419609.00381294        366715.03875487577        2.1069180361758466E-004   4620.3397054014576        6.0168301533266499E-008   6.5486368947031329E-009
   1.7225604245822148        235111179.84030205        370705.53283438418        2.0589105566124849E-004   4606.2090829134941        5.8277444408337149E-008   6.3308898880891230E-009
   1.7325751073784998        229917692.79326093        374708.94336465240        2.0118013837727453E-004   4591.8628424159824        5.6439271433503055E-008   6.1190332725648931E-009
   1.7427277279076745        224836449.22020626        378725.12182809657        1.9655780893855143E-004   4577.3044055683367        5.4652575651724845E-008   5.9129714603998546E-009
   1.7530201860619816        219864829.23701444        382753.92090141354        1.9202283673081107E-004   4562.5371860058558        5.2916166445981656E-008   5.7126070489262791E-009
   1.7634544079019236        215000288.84969747        386795.19442454312        1.8757400302017380E-004   4547.5645900352765        5.1228869944037731E-008   5.5178410674786092E-009
   1.7740323460166940        210240357.20052585        390848.79737280239        1.8321010064224674E-004   4532.3900172397016        4.9589529373581772E-008   5.3285732116636806E-009
   1.7847559798895711        205582633.92409685        394914.58583130687        1.7892993371228412E-004   4517.0168610019946        4.7997005370573144E-008   5.1447020653317662E-009
   1.7956273162683440        201024786.60884863        398992.41697221837        1.7473231735547031E-004   4501.4485089467062        4.6450176243540983E-008   4.9661253106145767E-009
   1.8066483895408429        196564548.35981780        403082.14903457154        1.7061607745662508E-004   4485.6883433040312        4.4947938196487834E-008   4.7927399264075112E-009
   1.8178212621156411        192199715.45849016        407183.64130696125        1.6658005042843185E-004   4469.7397412002265        4.3489205512847873E-008   4.6244423756641149E-009
   1.8291480248079979        187928145.11593527        411296.75411315664        1.6262308299757410E-004   4453.6060748746959        4.2072910703034011E-008   4.4611287818909004E-009
   1.8406307972311216        183747753.31541568        415421.34880022262        1.5874403200797534E-004   4437.2907118304347        4.0698004617798422E-008   4.3026950952117163E-009
   1.8522717281928185        179656512.74085271        419557.28773007134        1.5494176424035876E-004   4420.7970149178664        3.9363456529665425E-008   4.1490372483778789E-009
   1.8640729960976063        175652450.78775957        423704.43427330017        1.5121515624752713E-004   4404.1283423568448        3.8068254184564160E-008   4.0000513030996832E-009
   1.8760368093543662        171733647.65325555        427862.65280672238        1.4756309420453490E-004   4387.2880476985865        3.6811403825661397E-008   3.8556335870627907E-009
   1.8881654067896094        167898234.50202808        432031.80871307431        1.4398447377316116E-004   4370.2794797321876        3.5591930191328956E-008   3.7156808219953880E-009
   1.9004610580664349        164144391.70509580        436211.76838473318        1.4047819997985606E-004   4353.1059823350652        3.4408876489078347E-008   3.5800902431407510E-009
   1.9129260641092607        160470347.14860046        440402.39922929730        1.3704318710672423E-004   4335.7708942756844        3.3261304347208989E-008   3.4487597104905360E-009
   1.9255627575344008        156874374.60966340        444603.56967952335        1.3367835859469466E-004   4318.2775489661726        3.2148293745829552E-008   3.3215878121197246E-009
   1.9383735030865770        153354792.19669154        448815.14920470456        1.3038264695834393E-004   4300.6292741701200        3.1068942928824328E-008   3.1984739599617515E-009
   1.9513606980814409        149909960.85136282        453037.00832739653        1.2715499371150580E-004   4282.8293916663642        3.0022368298187084E-008   3.0793184783443537E-009
   1.9645267728541895        146538282.91021714        457269.01864061772        1.2399434930364232E-004   4264.8812168761388        2.9007704292290294E-008   2.9640226856277016E-009
   1.9778741912143638        143238200.72288674        461511.05283048423        1.2089967306556907E-004   4246.7880584485629        2.8024103249218285E-008   2.8524889692296795E-009
   1.9914054509069090        140008195.32519776        465762.98470029322        1.1786993316466961E-004   4228.5532178142275        2.7070735256599307E-008   2.7446208543662098E-009
   2.0051230840795826        136846785.16455302        470024.68919884507        1.1490410656851142E-004   4210.1799887037159        2.6146787989001990E-008   2.6403230667850791E-009
   2.0190296577568079        133752524.87571202        474296.04245119181        1.1200117901660140E-004   4191.6716566373889        2.5251466534078832E-008   2.5395015897885516E-009
   2.0331277743200458        130724004.10487850        478576.92179306381        1.0916014499967415E-004   4173.0314983866592        2.4383993208511774E-008   2.4420637158214497E-009
   2.0474200719947881        127759846.38013408        482867.20580740314        1.0638000774594970E-004   4154.2627814109446        2.3543607364721147E-008   2.3479180928904423E-009
   2.0619092253442579        124858708.02618238        487166.77436584875        1.0365977921362020E-004   4135.3687632663532        2.2729565189259383E-008   2.2569747660703580E-009
   2.0765979457699064        122019277.12199962        491475.50867142814        1.0099848008961354E-004   4116.3526909986122        2.1941139493843871E-008   2.1691452143623897E-009
   2.0914889820188098        119240272.49924916        495793.29130562244        9.8395139793556988E-005   4097.2178005128935        2.1177619499750650E-008   2.0843423831304916E-009
   2.1065851206980488        116520442.78007050        500120.00627808494        9.5848796486840777E-005   4077.9673159267745        2.0438310616421878E-008   2.0024807123612189E-009
   2.1218891867961736        113858565.45249020        504455.53907942260        9.3358497086104249E-005   4058.6044489078208        1.9722534214938463E-008   1.9234761609643196E-009
   2.1374040442118591        111253445.98202479        508799.77673775685        9.0923297280821199E-005   4039.1323979964732        1.9029627397088340E-008   1.8472462273365460E-009
   2.1531325962898280        108703916.95801239        513152.60787701164        8.8542261554566871E-005   4019.5543479186413        1.8358942760638456E-008   1.7737099663962641E-009
   2.1690777863641673        106208837.27310206        517513.92278028617        8.6214463209325495E-005   3999.8734688851778        1.7709848161368745E-008   1.7027880032843782E-009
   2.1852425983091228        103767091.33481488        521883.61345411342        8.3938984392791167E-005   3980.0929158854710        1.7081726472483474E-008   1.6344025439341068E-009
   2.2016300570974816        101377588.30755484        526261.57369810308        8.1714916127854172E-005   3960.2158279694081        1.6473975341836532E-008   1.5684773826840624E-009
   2.2182432293666436        99039261.384158909        530647.69917544397        7.9541358344333485E-005   3940.2453275294702        1.5886006947502777E-008   1.5049379071223325E-009
   2.2350852239924923        96751067.085435972        535041.88748852990        7.7417419912140047E-005   3920.1845195723004        1.5317247752089865E-008   1.4437111003227331E-009
   2.2521591926711686        94511984.586880490        539444.03825594508        7.5342218675961722E-005   3900.0364909922014        1.4767138256250548E-008   1.3847255406460153E-009
   2.2694683305088557        92321015.071133971        543854.05319377570        7.3314881490721761E-005   3879.8043098394073        1.4235132751710763E-008   1.3279113992528705E-009
   2.2870158766196926        90177181.105366409        548271.83619945671        7.1334544257800251E-005   3859.4910245885339        1.3720699074228279E-008   1.2732004354868910E-009
   2.3048051147319182        88079526.042479455        552697.29343847034        6.9400351961608980E-005   3839.0996634105504        1.3223318356761019E-008   1.2205259902665317E-009
   2.3228393738023665        86027113.445058718        557130.33343444299        6.7511458706115041E-005   3818.6332334413228        1.2742484783164057E-008   1.1698229776231367E-009
   2.3411220286394232        84019026.531242833        561570.86716253532        6.5667027751174453E-005   3798.0947200565697        1.2277705342673895E-008   1.1210278745167916E-009
   2.3596565005345660        82054367.641612709        566018.80814479408        6.3866231548428273E-005   3777.4870861505728        1.1828499585464048E-008   1.0740787090571983E-009
   2.3784462579026022        80132257.726081923        570474.07254999503        6.2108251776308917E-005   3756.8132714168128        1.1394399379460420E-008   1.0289150472439236E-009
   2.3974948169307226        78251835.850149557        574936.57929506211        6.0392279374190367E-005   3736.0761916369347        1.0974948668676004E-008   9.8547797834609113E-010
   2.4168057422364977        76412258.719516575        579406.25015069684        5.8717514575188117E-005   3715.2787379733531        1.0569703233213124E-008   9.4371009902413002E-010
   2.4363826475349359        74612700.222466499        583883.00984915462        5.7083166937628436E-005   3694.4237762717612        1.0178230451146696E-008   9.0355549630201395E-010
   2.4562291963147307        72852350.989146993        588366.78619532683        5.5488455374835362E-005   3673.5141463682835        9.8001090624378079E-009   8.6495972948599815E-010
   2.4763491025238178        71130417.967069402        592857.51018086786        5.3932608183076700E-005   3652.5526614065075        9.4349289350075924E-009   8.2786981112300236E-010
   2.4967461312643806        69446124.012192950        597355.11610125087        5.2414863067568927E-005   3631.5421071637570        9.0822908331307176E-009   7.9223418709025242E-010
   2.5174240994974264        67798707.494875267        601859.54167517985        5.0934467166298298E-005   3610.4852413856261        8.7418061882524927E-009   7.5800271589906330E-010
   2.5383868767570630        66187421.920042574        606370.72816850035        4.9490677071488369E-005   3589.3847931293003        8.4130968723296125E-009   7.2512664729266838E-010
   2.5596383858746217        64611535.561130799        610888.62051840033        4.8082758848775109E-005   3568.2434621220382        8.0957949738180587E-009   6.9355860021811802E-010
   2.5811826037127448        63070331.106892005        615413.16746386944        4.6709988053561639E-005   3547.0639181217271        7.7895425763435299E-009   6.6325254023759957E-010
   2.6030235619095921        61563105.320935301        619944.32167589071        4.5371649744965435E-005   3525.8488002969716        7.4939915401969094E-009   6.3416375645706799E-010
   2.6251653476332910        60089168.713089675        624482.03989253053        4.4067038496792224E-005   3504.6007166123354        7.2088032866590189E-009   6.0624883802883165E-010
   2.6476121043467846        58647845.222288400        629026.28305603471        4.2795458405706554E-005   3483.3222432279699        6.9336485852449358E-009   5.7946565029403750E-010
   2.6703680325832080        57238471.910411730        633577.01645306230        4.1556223096434494E-005   3462.0159239092809        6.6682073439137238E-009   5.5377331062201408E-010
   2.6934373907319493        55860398.666625693        638134.20985737455        4.0348655723938839E-005   3440.6842694492534        6.4121684022787805E-009   5.2913216400097917E-010
   2.7168244958355352        54512987.921743460        642697.83767613722        3.9172088972482373E-005   3419.3297571011294        6.1652293278584831E-009   5.0550375843175940E-010
   2.7405337243974941        53195614.372254603        647267.87909745262        3.8025865051629222E-005   3397.9548300255751        5.9270962154066078E-009   4.8285082017469566E-010
   2.7645695132013435        51907664.713442564        651844.31824274012        3.6909335688942770E-005   3376.5618967459077        5.6974834893192768E-009   4.6113722889219375E-010
   2.7889363601408572        50648537.381412230        656427.14431951474        3.5821862119617504E-005   3355.1533306203796        5.4761137091736956E-009   4.4032799273446447E-010
   2.8136388250617772        49417642.303414978        661016.35177895369        3.4762815072748217E-005   3333.7314693206390        5.2627173783799189E-009   4.2038922340461426E-010
   2.8386815306151059        48214400.656304166        665611.94047424023        3.3731574754456769E-005   3312.2986143281400        5.0570327559758016E-009   4.0128811124418885E-010
   2.8640691631221609        47038244.632592961        670213.91582333867        3.2727530827668748E-005   3290.8570304368677        4.8588056715560256E-009   3.8299290037213768E-010
   2.8898064734515385        45888617.213945821        674822.28897250991        3.1750082388731064E-005   3269.4089452733092        4.6677893433505290E-009   3.6547286391267147E-010
   2.9158982779081617        44764971.951628521        679437.07696416578        3.0798637940707488E-005   3247.9565488240073        4.4837441994363064E-009   3.4869827934074112E-010
   2.9423494591345700        43666772.753774889        684058.30290479423        2.9872615363558623E-005   3226.5019929807795        4.3064377020947244E-009   3.3264040397640095E-010
   2.9691649670246232        42593493.678937241        688685.99613843707        2.8971441880962245E-005   3205.0473910907499        4.1356441752773595E-009   3.1727145065113919E-010
   2.9963498196497902        41544618.735918693        693320.19241947797        2.8094554024119115E-005   3183.5948175259427        3.9711446352053241E-009   3.0256456357535842E-010
   3.0239091041981969        40519641.689346187        697960.93409072678        2.7241397592276091E-005   3162.1463072581641        3.8127266240546336E-009   2.8849379442575794E-010
   3.0518479779266108        39518065.870977439        702608.27026103530        2.6411427610296539E-005   3140.7038554536462        3.6601840467430559E-009   2.7503407867762023E-010
   3.0801716691255314        38539403.996226944        707262.25698831410        2.5604108283020758E-005   3119.2694170717641        3.5133170107697182E-009   2.6216121219752355E-010
   3.1088854780975779        37583177.985888414        711922.95746331511        2.4818912946713611E-005   3097.8449064812858        3.3719316691125942E-009   2.4985182811744012E-010
   3.1379947781493525        36648918.792641856        716590.44219837186        2.4055324017449487E-005   3076.4321970830047        3.2358400661422095E-009   2.3808337400396252E-010
   3.1675050165969627        35736166.232127912        721264.78922040330        2.3312832936509431E-005   3055.0331209395817        3.1048599865299407E-009   2.2683408933771309E-010
   3.1974217157853975        34844468.818417579        725946.08427124831        2.2590940112880639E-005   3033.6494684125987        2.9788148071328792E-009   2.1608298331692232E-010
   3.2277504741219394        33973383.603149042        730634.42101782525        2.1889154862405868E-005   3012.2829877794065        2.8575333517676403E-009   2.0580981299087403E-010
   3.2584969671238122        33122476.018425874        735329.90129554959        2.1206995343888456E-005   2990.9353848309611        2.7408497488939102E-009   1.9599506173833785E-010
   3.2896669484802601        32291319.720610596        740032.63537547668        2.0543988489678589E-005   2969.6083223176583        2.6286032918555776E-009   1.8661991806952007E-010
   3.3212662511292521        31479496.436916146        744742.74242482951        1.9899669932391599E-005   2948.3034192470427        2.5206383019803150E-009   1.7766625478769340E-010
   3.3533007883490207        30686595.794404194        749460.35110198811        1.9273583908917752E-005   2927.0222490172064        2.4168039921045571E-009   1.6911660829233035E-010
   3.3857765548646293        29912215.146875147        754185.60156165226        1.8665283153142008E-005   2905.7663363903521        2.3169543328838213E-009   1.6095415822531506E-010
   3.4186996279697874        29155959.250590563        758918.64844242099        1.8074328641054180E-005   2884.5371457096985        2.2209479046123579E-009   1.5316270588487077E-010
   3.4520761686641102        28417440.005265497        763659.67185539741        1.7500289370675722E-005   2863.3360667700827        2.1286477626312310E-009   1.4572665386571073E-010
   3.4859124228060510        27696276.048016898        768408.86837827449        1.6942742083911259E-005   2842.1644035892446        2.0399212844217891E-009   1.3863098499420827E-010
   3.5202147222817048        26992100.462805357        773166.28295668971        1.6401278883376988E-005   2821.0238879996064        1.9546408815581303E-009   1.3186132461858547E-010
   3.5549894861897147        26304612.131448492        777930.15853251179        1.5875558793656030E-005   2799.9204928366362        1.8726890484322030E-009   1.2540443239858373E-010
   3.5902432220425005        25633355.828215979        782703.49160729465        1.5365087399077883E-005   2778.8487368766814        1.7939357192304636E-009   1.1924595835370445E-010
   3.6259825269840276        24977991.020701379        787486.19012789626        1.4869486713826392E-005   2757.8105313437231        1.7182660528582245E-009   1.1337319058295192E-010
   3.6622140890243546        24338183.069568273        792278.18235912255        1.4388385598834006E-005   2736.8077465266301        1.6455688629483606E-009   1.0777389607131121E-010
   3.6989446882911765        23713598.209819466        797079.56854947587        1.3921414901263544E-005   2715.8418256558953        1.5757360517298484E-009   1.0243626091617966E-010
   3.7361811982986195        23103906.756032720        801890.52860192605        1.3468210729284702E-005   2694.9140020816621        1.5086628663711173E-009   9.7348910534738361E-011
   3.7739305872334969        22508784.466628470        806711.28096233506        1.3028415846717744E-005   2674.0253991368045        1.4442479541732825E-009   9.2500909630751330E-011
   3.8121999192592906        21927913.001555860        811542.06692359818        1.2601680149489860E-005   2653.1770693659337        1.3823933230147595E-009   8.7881752839142925E-011
   3.8509963558380922        21360980.042182460        816383.14441110264        1.2187660799460201E-005   2632.3700107898017        1.3230042682633528E-009   8.3481352189496865E-011
   3.8903271570707467        20807679.285307594        821234.78531998454        1.1786022229116190E-005   2611.6051745648756        1.2659892885944283E-009   7.9290023625202040E-011
   3.9301996830554602        20267710.387045037        826097.27429286775        1.1396436093379194E-005   2590.8834692278856        1.2112599986612837E-009   7.5298473368116755E-011
   3.9706213952651184        19740778.885720119        830970.90812099841        1.1018581197877746E-005   2570.2057635474598        1.1587310416353006E-009   7.1497784428166443E-011
   4.0115998579435779        19226596.115675114        835855.99543291680        1.0652143415745245E-005   2549.5728888234130        1.1083200028189531E-009   6.7879403377469707E-011
   4.0531427395211832        18724879.117083017        840752.85652715841        1.0296815598199555E-005   2528.9856410004031        1.0599473248254784E-009   6.4435127438401276E-011
   4.0952578140497868        18235350.544436999        845661.82326849410        9.9522974817034101E-006   2508.4447828076850        1.0135362245506639E-009   6.1157091908519524E-011
   4.1379529626575344        17757738.574844595        850583.23901457363        9.6182955929750696E-006   2487.9510460189340        9.6901261200697363E-010   5.8037757930011323E-011
   4.1812361750236775        17291776.816792309        855517.45855097461        9.2945231526446664E-006   2467.5051339036268        9.2630501102998036E-010   5.5069900605767612E-011
   4.2251155508737206        16837204.219726630        860464.84802187071        8.9806999780249332E-006   2447.1077239138649        8.8534448183272180E-010   5.2246597460844512E-011
   4.2695993014951359        16393764.984619420        865425.78484904359        8.6765523852809164E-006   2426.7594706401551        8.4606454535778286E-010   4.9561217245982504E-011
   4.3146957512739768        15961208.475563675        870400.65763639333        8.3818130911598903E-006   2406.4610090575056        8.0840110936102883E-010   4.7007409078608878E-011
   4.3604133392526379        15539289.132468576        875389.86605513527        8.0962211144484589E-006   2386.2129580853666        7.7229239615531504E-010   4.4579091916527294E-011
   4.4067606207090906        15127766.384790685        880393.82071160921        7.8195216771940790E-006   2366.0159244691645        7.3767887192642084E-010   4.2270444358390163E-011
   4.4537462687578504        14726404.566373277        885412.94299187546        7.5514661058377560E-006   2345.8705070039837        7.0450317753704057E-010   4.0075894765663481E-011
   4.5013790759730092        14334972.831214357        890447.66489212809        7.2918117321724678E-006   2325.7773010868746        6.7271006071263606E-010   3.7990111699139337E-011
   4.5496679560336180        13953245.070263790        895498.42882810021        7.0403217942741967E-006   2305.7369036117052        6.4224630951731605E-010   3.6007994664528404E-011
   4.5986219453917299        13580999.829091163        900565.68743267877        6.7967653373193312E-006   2285.7499181856419        6.1306068700670305E-010   3.4124665160011064E-011
   4.6482502049634196        13218020.226428067        905649.90334203199        6.5609171143272971E-006   2265.8169606527367        5.8510386695602523E-010   3.2335458019488889E-011
   4.6985620218430970        12864093.873511998        910751.54897635465        6.3325574867932001E-006   2245.9386648973045        5.5832837055454194E-010   3.0635913044639664E-011
   4.7495668110414311        12519012.794187708        915871.10632063448        6.1114723251855817E-006   2226.1156888885016        5.3268850396414241E-010   2.9021766918971115E-011
   4.8012741172472087        12182573.345684029        921009.06671501626        5.8974529092459674E-006   2206.3487209148793        5.0814029664199781E-010   2.7488945396718005E-011
   4.8536936166134632        11854576.140061827        926165.93066040170        5.6902958280748634E-006   2186.6384859496088        4.8464144034336505E-010   2.6033555759729178E-011
   4.9068351185682051        11534825.966251614        931342.20765189710        5.4898028799220770E-006   2166.9857520713995        4.6215122872637202E-010   2.4651879534906210E-011
   4.9607085676500899        11223131.712652873        936538.41605101863        5.2957809716318831E-006   2147.3913368523895        4.4063049750445509E-010   2.3340365464973846E-011
   5.0153240453693737        10919306.290270122        941755.08300903090        5.1080420176889498E-006   2127.8561136138519        4.2004156511307241E-010   2.2095622725190167E-011
   5.0706917720944960        10623166.556363657        946992.74445535336        4.9264028388129088E-006   2108.3810174394930        4.0034817388432289E-010   2.0914414378505674E-011
   5.1268221089646495        10334533.238594517        952251.94516702159        4.7506850600480044E-006   2088.9670508203717        3.8151543175577280E-010   1.9793651061618339E-011
   5.1837255598286962        10053230.859686000        957533.23893329967        4.5807150083308878E-006   2069.6152888042870        3.6350975457657458E-010   1.8730384894438143E-011
   5.2414127732107838        9779087.6626118626        962837.18883233541        4.4163236095167934E-006   2050.3268835105996        3.4629880911259181E-010   1.7721803605401398E-011
   5.2998945443030365        9511935.5363519881        968164.36763524590        4.2573462848812078E-006   2031.1030678734471        3.2985145689373822E-010   1.6765224865185584E-011
   5.3591818169856973        9251609.9422885608        973515.35835099069        4.1036228471517895E-006   2011.9451584790306        3.1413769908943716E-010   1.5858090821547199E-011
   5.4192856858750904        8997949.8412861004        978890.75492904091        3.9549973961247956E-006   1992.8545573621429        2.9912862263511514E-010   1.4997962828011480E-011
   5.4802173983997893        8750797.6215934213        984291.16312698403        3.8113182140155075E-006   1973.8327526519936        2.8479634787181831E-010   1.4182516359660263E-011
   5.5419883569053852        8509999.0276453644        989717.20155583147        3.6724376606756710E-006   1954.8813179607580        2.7111397798602759E-010   1.3409536109310358E-011
   5.6046101207882471        8275403.0899290871        995169.50290456100        3.5382120689079295E-006   1936.0019104449295        2.5805555055884536E-010   1.2676911257994756E-011
   5.6680944086586642        8046862.0560223712        1000648.7153496967        3.4085016400963022E-006   1917.1962674824395        2.4559599153802234E-010   1.1982630913872667E-011
   5.7324531005337906        7824231.3230007617        1006155.5041416201        3.2831703404736843E-006   1898.4662019570449        2.3371107194271279E-010   1.1324779714445017E-011
   5.7976982400607886        7607369.3713340349        1011690.5533640914        3.1620857983224029E-006   1879.8135961594730        2.2237736758525665E-010   1.0701533587221295E-011
   5.8638420367705972        7396137.7004557578        1017254.5678503771        3.0451192024808384E-006   1861.2403943667962        2.1157222205804735E-010   1.0111155664710618E-011
   5.9308968683627326        7190400.7661480978        1022848.2752385704        2.9321452025256781E-006   1842.7485941885641        2.0127371317911137E-010   9.5519923500575829E-012
   5.9988752830215795        6990025.9198723584        1028472.4281427864        2.8230418110074302E-006   1824.3402368093150        1.9146062302057114E-010   9.0224695300994697E-012
   6.0677900017645614        6794883.3501876900        1034127.8064101526        2.7176903081390585E-006   1806.0173962920085        1.8211241156732806E-010   8.5210889331774908E-012
   6.1376539208226708        6604846.0262766555        1039815.2194364086        2.6159751492492979E-006   1787.7821681185003        1.7320919396096070E-010   8.0464246290733368E-012
   6.2084801140537831        6419789.6438330160        1045535.5084912864        2.5177838754773381E-006   1769.6366572228740        1.6473172120467347E-010   7.5971196694248807E-012
   6.2802818353892027        6239592.5727884872        1051289.5490556380        2.4230070276031587E-006   1751.5829656209137        1.5666136408625340E-010   7.1718828650919732E-012
   6.3530725213139227        6064135.8083473491        1057078.2530271537        2.3315380643199617E-006   1733.6231802189493        1.4898010007356070E-010   6.7694857022486162E-012
   6.4268657933810278        5893302.9212452266        1062902.5710427410        2.2432732822326415E-006   1715.7593600661505        1.4167050265535649E-010   6.3887593848194445E-012
   6.5016754607607465        5726980.0180401560        1068763.4941184695        2.1581117454493983E-006   1697.9935259741637        1.3471573310122614E-010   6.0285920275930479E-012
   6.5775155228246014        5565055.6817737250        1074662.0566284950        2.0759552038840846E-006   1680.3276452104481        1.2809953311036240E-010   5.6879259266993796E-012
   6.6544001717651557        5407420.9728627373        1080599.3350794304        1.9967080565321013E-006   1662.7636323284662        1.2180622067354686E-010   5.3657550902412361E-012
   6.7323437952518450        5253969.2730941027        1086576.4574891399        1.9202772078524515E-006   1645.3033081664814        1.1582068126031800E-010   5.0611225352144988E-012
   6.8113609791233873        5104596.5608052192        1092594.5834678356        1.8465722261738847E-006   1627.9484791094130        1.1012837342372082E-010   4.7731186399167287E-012
   6.8914665101172785        4959200.5212803483        1098654.9622841561        1.7755047005005788E-006   1610.7006851201675        1.0471529682955227E-010   4.5008771357533872E-012
   6.9726753786368816        4817682.8217888279        1104758.7802220320        1.7069897725401545E-006   1593.5618765169061        9.9568058415492875E-011   4.2435777367177689E-012
   7.0550027815566230        4679942.8006413458        1110907.5742145551        1.6409418076390840E-006   1576.5325021807091        9.4673677445718496E-011   4.0004316384115238E-012
   7.1384641250658438        4545894.4679837124        1117102.1199500938        1.5772859042293249E-006   1559.6168348932645        9.0020076020030187E-011   3.7707126179790563E-012
   7.2230750275517970        4415420.2059442736        1123345.4279070115        1.5159266207303471E-006   1542.8080684557804        8.5594757635768884E-011   3.5536680631919453E-012
   7.3088513225223721        4288496.4016809128        1129634.6706374951        1.4568323414366070E-006   1526.1300067199477        8.1388260140464787E-011   3.3487474921061686E-012
   7.3958090615690706        4164851.9830434117        1135982.9432722558        1.3998069795483653E-006   1509.5203468649490        7.7385012253856760E-011   3.1549925874779532E-012
   7.4839645173707900        4044530.2129811984        1142438.3503274259        1.3447456779433711E-006   1492.8913705091777        7.3581956658639303E-011   2.9719344230971469E-012
   7.5730264667357421        3927011.1930452883        1149007.8020387678        1.2912346889095362E-006   1476.0026241479798        6.9960511224614835E-011   2.7982501305468024E-012
   7.6623919552917465        3815315.8810018646        1155591.0468767467        1.2409718415582198E-006   1459.7141138709217        6.6593354149423389E-011   2.6381362965250746E-012
   7.7517574438477510        3703620.5689584403        1162174.2917147256        1.1907089942069032E-006   1442.4737303453012        6.3317290021170415E-011   2.4823943284583403E-012
   7.8411229324037572        3591925.2569150161        1168757.5365527044        1.1404461468555867E-006   1424.1928437532802        6.0132632782950642E-011   2.3310368802941962E-012
