  0.99980701125948346        923054313415.32239        22609931.906174134        76894081705.974045        28992802.022360217        2129.7417767078136        4.7446228214382016     
   1.0000000000000000        923053443382.42712        23479963.310175009        76893094080.950073        29980274.763915099        2282.0588343140785        5.0828530329943948     
   1.0001929887405165        834850133636.70496        23913911.795263160        69542425562.323547        30408862.688642334        2590.7745775892813        5.4170136182694844     
   1.0003859774810331        723422290841.98523        23999608.842140052        60256803668.926514        30383984.581998404        2976.3318772755483        5.7293478935989564     
   1.0005789662215496        636083192607.98657        24085985.140157413        52978582736.998779        30353562.982001390        3370.7835285683850        6.0176164546924857     
   1.0007719549620662        571377677234.26099        24194657.887137596        47586466865.108467        30351854.952554457        3747.1480361838508        6.2911439753885947     
   1.0009649437025827        521764075036.32196        24322132.517550200        43451985069.914017        30377079.082721882        4107.3117317418282        6.5549353915833821     
   1.0011579324430993        481386353452.51715        24455332.455090225        40087150647.703270        30412130.257188864        4460.3913671453683        6.8109890329045699     
   1.0013509211836158        447214639135.14282        24588500.437838532        37239481692.654182        30448982.141739961        4812.0064253940473        7.0602836933172206     
   1.0015439099241323        417763446716.84503        24720199.542814735        34785189528.777763        30485744.607422408        5163.5577520801462        7.3037426914084635     
   1.0017368986646489        392132624215.88910        24850654.176690392        32649261064.357204        30522862.521193184        5514.9800854292689        7.5422389827359444     
   1.0019298874051654        369629693911.64496        24979946.837357067        30773989647.436829        30560517.893923994        5866.2632200841981        7.7764962430672337     
   1.0021228761456820        349697386322.85156        25107979.815302327        29112936312.527489        30598545.050846227        6217.6659904304370        8.0070767073420051     
   1.0023158648861985        331896717684.83112        25234613.424658492        27629519334.469589        30636676.931209449        6569.5114713093590        8.2344264180064002     
   1.0025088536267150        315885515013.08624        25359763.339694217        26295224493.032734        30674710.959040124        6922.0697177497268        8.4589126063984601     
   1.0027018423672316        301394198442.53027        25483394.085955340        25087586931.357109        30712512.266832393        7275.5451109726064        8.6808449194760993     
   1.0028948311077481        288206751683.89636        25605501.399160646        23988605381.831017        30749990.758883279        7630.0965509168882        8.9004871408600899     
   1.0030878198482647        276147442778.30762        25726098.265740834        22983635579.245434        30787082.549666315        7985.8526531026182        9.1180655890523603     
   1.0032808085887812        265071601542.44296        25845208.585133921        22060621722.791332        30823741.909015018        8342.9194240512406        9.3337758377372424     
   1.0034737973292978        254858930035.26727        25962863.389594473        21209539018.545586        30859936.678576082        8701.3844653489450        9.5477881244618210     
   1.0036667860698143        245408496786.08194        26079098.374402415        20421976535.319759        30895645.143271562        9061.3201411117734        9.7602516170309812     
   1.0038597748103308        236634923691.38437        26193952.047974050        19690819448.280281        30930853.524132926        9422.7862024077131        9.9712977915828365     
   1.0040527635508476        228465448585.19852        26307464.418633342        19010004254.612000        30965554.070437316        9785.8319303995613        10.181043139755461     
   1.0042457522913641        220837637487.41159        26419676.064800721        18374328129.156528        30999743.614812475        10150.497850220227        10.389591367303792     
   1.0044387410318807        213697583693.83813        26530627.489293627        17779298849.520569        31033422.484276023        10516.817106968761        10.597035196974920     
   1.0046317297723972        206998475662.80984        26640358.670922365        17221015454.314007        31066593.668344352        10884.816583133399        10.803457859475092     
   1.0048247185129138        200699447605.31024        26748908.757929660        16696072459.238186        31099262.177500516        11254.517816220574        11.008934335149625     
   1.0050177072534303        194764649129.10886        26856315.862402055        16201482328.330873        31131434.545927357        11625.937759246921        11.213532395996488     
   1.0052106959939469        189162486315.62851        26962616.928650796        15734612230.440435        31163118.443156648        11999.089414701964        11.417313485093594     
   1.0054036847344634        183864998161.91165        27067847.654912978        15293132076.484644        31194322.371044092        12373.982366202794        11.620333463986507     
   1.0055966734749799        178847340791.96835        27172042.453942727        14874971537.209747        31225055.426200669        12750.623226545404        11.822643251141772     
   1.0057896622154965        174087358117.46381        27275234.441302821        14478284265.184168        31255327.113547347        13129.016017876531        12.024289370412395     
   1.0059826509560130        169565222350.14267        27377455.443449251        14101417937.583195        31285147.199222330        13509.162496239089        12.225314424235028     
   1.0061756396965296        165263131341.83374        27478736.019612197        13742889034.741692        31314525.594790414        13891.062430356062        12.425757503947787     
   1.0063686284370461        161165052457.37628        27579105.493433453        13401361496.210619        31343472.265767131        14274.713841881630        12.625654546833456     
   1.0065616171775629        157256504776.40286        27678591.991045583        13075628571.016094        31371997.160049487        14660.113213286546        12.825038648352436     
   1.0067546059180803        153524373043.87390        27777222.483405925        12764597313.634626        31400110.152199011        15047.255668181428        13.023940336171693     
   1.0069475946586002        149956748055.96136        27875022.831279162        12467275282.767225        31427821.000254527        15436.135128068576        13.222387811427808     
   1.0071405833991305        146542789158.55518        27972017.831052184        12182759083.095564        31455139.312883098        15826.744449499400        13.420407162228161     
   1.0073335721397023        143272605349.43008        28068231.261589866        11910224457.000956        31482074.524808254        16219.075543678046        13.618022552751194     
   1.0075265608804398        140137152039.36917        28163685.928993873        11648917681.388960        31508635.876777153        16613.119483972943        13.815256391465986     
   1.0077195496218394        137128141233.14334        28258403.715592947        11398148082.766386        31534832.407609694        17008.866595980729        14.012129482541006     
   1.0079125383658891        134237962739.46950        28352405.617431797        11157281471.481052        31560672.934353311        17406.306557672560        14.208661161282608     
   1.0081055271205381        131459615841.11792        28445711.824032951        10925734447.411308        31586166.093041893        17805.428455621790        14.404869431797605     
   1.0082985159175841        128786647066.07799        28538341.741396341        10702969214.546026        31611320.280807078        18206.221020268902        14.600771110753296     
   1.0084915048842189        126213100436.90347        28630314.414700765        10488489434.404854        31636144.093979463        18608.672689759664        14.796382164299301     
   1.0086844945292077        123733456616.57086        28721648.827940531        10281835155.164354        31660646.228663340        19012.773634811405        14.991718468781380     
   1.0088774868876142        121342613946.72878        28812368.366876464        10082581227.184776        31684840.103021346        19418.518075467036        15.186799408820294     
   1.0090704900996903        119035731932.58786        28902508.694409668        9890324256.7071724        31708747.838802714        19825.929436995921        15.381659650776838     
   1.0092635367264455        116808289272.14297        28992173.215520598        9704687393.4366913        31732453.017113160        20235.114899709613        15.576402824190943     
   1.0094567570119168        114654841035.30222        29081673.819423933        9525216679.8341217        31756194.470402516        20646.611807592984        15.771396933591792     
   1.0096506719322513        112565765633.37181        29171471.628271166        9351110111.7304535        31780214.287101928        21061.856198539841        15.967395720027877     
   1.0098461827806329        110528961604.06160        29261840.551048391        9181359281.5165157        31804485.992891800        21482.648794886623        16.165185579124920     
   1.0100439382900885        108536304730.21661        29352797.203168765        9015287346.8391266        31828834.126837920        21910.088354245072        16.365170906218463     
   1.0102441174427146        106584896327.70929        29444323.950681195        8852652819.8743305        31853187.682077341        22344.514763819858        16.567450921231568     
   1.0104467499420895        104673648996.28285        29536437.128881097        8693365076.3630447        31877555.481910843        22786.041295749237        16.772057618510264     
   1.0106518658558312        102801509880.68539        29629148.250148799        8537336374.6356506        31901942.058008865        23234.777215880109        16.979024118198193     
   1.0108594956200589        100967409620.52057        29722465.121294491        8384477602.5278378        31926346.775105890        23690.838073956791        17.188383070924015     
   1.0110696700439095        99170359898.315063        29816396.874026041        8234706398.9462109        31950771.590031903        24154.334434226104        17.400168297097782     
   1.0112824203141091        97409497601.670334        29910955.023040086        8087950831.2743082        31975223.941673558        24625.362677897258        17.614416370259264     
   1.0114977779996004        95684067381.313965        30006153.600734256        7944147942.0113840        31999716.655731540        25104.005374327473        17.831166880786579     
   1.0117157750562282        93993334337.842300        30102006.997469582        7803236477.3972425        32024262.988299150        25590.344048741677        18.050460724541399     
   1.0119364438314795        92336485725.249649        30198527.253297184        7665148702.1714621        32048870.252435904        26084.477147783600        18.272337288455812     
   1.0121598170692847        90712592565.164078        30295722.618727647        7529807204.0385866        32073536.494791303        26586.530301720515        18.496832483122258     
   1.0123859279148750        89120652975.596771        30393598.318630110        7397128502.4441833        32098252.354886908        27096.652190003260        18.723978864561808     
   1.0126148099197028        87559676544.728577        30492158.673487924        7267030074.9442282        32123006.149964262        27615.000536080843        18.953807432935264     
   1.0128464970464177        86028751050.354187        30591409.037880164        7139435912.6953173        32147788.508322276        28141.728524212609        19.186349658446897     
   1.0130810236739081        84527062021.043854        30691356.597835116        7014278148.7085609        32172594.255986150        28676.978717084650        19.421638575761847     
   1.0133184246024005        83053874636.705994        30792010.109933615        6891495550.2393265        32197421.747632515        29220.884528643102        19.659708774286326     
   1.0135587350586259        81608504313.740234        30893379.225198671        6771031069.0984335        32222271.192906283        29773.574978601973        19.900595818798838     
   1.0138019907010445        80190295141.785141        30995473.943964984        6652830046.0887794        32247143.307393294        30335.178729487292        20.144335687558719     
   1.0140482276251381        78798610576.854691        31098304.375353161        6536839435.9544029        32272038.712531909        30905.825949884162        20.390964483535218     
   1.0142974823687660        77432831887.907837        31201880.710970230        6423007678.0489597        32296957.865024742        31485.648548902431        20.640518376459205     
   1.0145497919175868        76092358937.650314        31306213.271260068        6311284761.2551270        32321901.165132973        32074.779822831813        20.893033636752463     
   1.0148051937105456        74776610576.370972        31411312.544695508        6201622256.7323875        32346869.046791892        32673.354141563945        21.148546669269784     
   1.0150637256454302        73485024256.610352        31517189.204713795        6093973285.7935314        32371862.011510458        33281.506809961807        21.407094022933745     
   1.0153254260844953        72217055298.862885        31623854.115417048        5988292458.6534643        32396880.633069262        33899.374022411001        21.668712385896455     
   1.0155903338601533        70972176152.500473        31731318.335858934        5884535812.9155159        32421925.559431113        34527.092826884189        21.933438579228469     
   1.0158584882807373        69749875751.234940        31839593.126811031        5782660759.7679005        32446997.519399989        35164.801067439563        22.201309553087253     
   1.0161299291363335        68549658942.898827        31948689.959142648        5682626036.5567017        32472097.334552523        35812.637307482335        22.472362386828436     
   1.0164046967046858        67371045966.222527        32058620.523735426        5584391663.0744228        32497225.933181293        36470.740737967673        22.746634291173482     
   1.0166828317571726        66213571964.195541        32169396.742236879        5487918901.0476398        32522384.367166370        37139.251072532126        23.024162613876690     
   1.0169643755648556        65076786535.499763        32281030.779252023        5393170216.6857271        32547573.831226714        37818.308425993338        23.304984848711857     
   1.0172493699046055        63960253325.493584        32393535.055886045        5300109246.6360712        32572795.686096419        38508.053173649692        23.589138649632787     
   1.0175378570652993        62863549658.109932        32506922.265219614        5208700767.2606697        32598051.485434774        39208.625787082470        23.876661850454525     
   1.0178298798540968        61786266208.474182        32621205.389737800        5118910667.3520279        32623343.007607564        39920.166643276338        24.167592491852247     
   1.0181254816027909        60728006717.141411        32736397.721300099        5030705924.2032261        32648672.292341478        40642.815802030571        24.461968856462640     
   1.0184247061742397        59688387745.955887        32852512.883531220        4944054583.2723646        32674041.684041552        41376.712747785758        24.759829514879105     
   1.0187275979688728        58667038477.034454        32969564.857354295        4858925741.3833084        32699453.881891925        42121.996089366628        25.061213383791003     
   1.0190342019312810        57663600555.611542        33087568.009921476        4775289533.5948734        32724911.997984532        42878.803211498926        25.366159798949251     
   1.0193445635568845        56677727978.120537        33206537.127562251        4693117123.7890377        32750419.624280326        43647.269870472010        25.674708605371482     
   1.0196587288986849        55709087026.395660        33326487.453088831        4612380699.1307144        32775980.909922376        44427.529726130779        25.986900268311896     
   1.0199767445740981        54757356249.516922        33447434.728275955        4533053468.3978596        32801600.649566088        45219.713800230689        26.302776007936934     
   1.0202986577718709        53822226493.635063        33569395.241646454        4455109664.4566336        32827284.385325067        46023.949852435930        26.622377963118325     
   1.0206245162590846        52903400981.370193        33692385.882767975        4378524550.7384949        32853038.522474799        46840.361661083327        26.945749387574477     
   1.0209543683882421        52000595440.871857        33816424.203486174        4303274431.8718748        32878870.461171634        47669.068197253771        27.272934884355525     
   1.0212882631044422        51113538284.663017        33941528.486915141        4229336668.4572015        32904788.745741114        48510.182678805657        27.603980684463789     
   1.0216262499526436        50241970837.938599        34067717.825254649        4156689695.8414755        32930803.232569173        49363.811489418607        27.938934975413176     
   1.0219683790850154        49385647613.614578        34195012.206404023        4085313047.0122752        32956925.280033976        50230.052950322694        28.277848289038122     
   1.0223147012683793        48544336633.068047        34323432.611520782        4015187378.9904733        32983167.959291819        51108.995925904761        28.620773953099778     
   1.0226652678917434        47717819786.628281        34453001.123138428        3946294502.7185440        33009546.289893605        52000.718251740203        28.967768618099633     
   1.0230201309739266        46905893228.452072        34583741.045338616        3878617415.6897693        33036077.499738283        52905.284968647247        29.318892866242170     
   1.0233793431712774        46108367796.574089        34715677.036321685        3812140336.6926370        33062781.310875848        53822.746351336078        29.674211912596000     
   1.0237429577854882        45325069446.616951        34848835.254074067        3746848741.6456633        33089680.250974700        54753.135721400417        30.033796407217565     
   1.0241110287715030        44555839683.708801        34983243.515339136        3682729399.2751899        33116799.990061879        55696.467039449446        30.397723347428080     
   1.0244836107455253        43800535973.076530        35118931.467950217        3619770404.9953098        33144169.700819660        56652.732276837538        30.766077108306025     
   1.0248607589931211        43059032105.058899        35255930.776264690        3557961210.9449878        33171822.439354107        57621.898575484840        31.138950597997795     
   1.0252425294774232        42331218484.434372        35394275.318687543        3497292649.7358313        33199795.542216655        58603.905215985214        31.516446543005831     
   1.0256289788474342        41617002308.177246        35534001.395887904        3437756948.8847232        33228131.032837100        59598.660427059251        31.898678904846371     
   1.0260201644464335        40916307589.444916        35675147.947657973        3379347732.3943114        33256876.028296571        60606.038086724126        32.285774425374768     
   1.0264161443204851        40229074978.481720        35817756.774921924        3322060005.5004621        33286083.135528367        61625.874387728065        32.677874294016029     
   1.0268169772270521        39555261325.810944        35961872.763264827        3265890117.8964710        33315810.821272153        62657.964561166205        33.075135921105975     
   1.0272227226437145        38894838927.138466        36107544.102557287        3210835700.4964628        33346123.738459375        63702.059782071818        33.477734795437115     
   1.0276334407769947        38247794385.988823        36254822.496264026        3156895570.4272299        33377092.987728354        64757.864409296933        33.885866393897636     
   1.0280491925712916        37614127029.331451        36403763.353022769        3104069598.8538542        33408796.289489310        65825.033742112239        34.299748100120347     
   1.0284700397179241        36993846814.349754        36554425.952026650        3052358536.4779577        33441318.039162546        66903.172504516886        34.719621077497216     
   1.0288960446642841        36386971672.015465        36706873.572528914        3001763792.2766428        33474749.217155747        67991.834294004133        35.145752031367998     
   1.0293272706231043        35793524247.475510        36861173.577514634        2952287162.1679802        33509187.124214407        69090.522246621695        35.578434783768387     
   1.0297637815818370        35213528018.852219        37017397.441901654        2903930506.0062208        33544734.913665321        70198.691172098974        36.017991574467629     
   1.0302056423121484        34647002804.511566        37175620.715464517        2856695373.8924179        33581500.897593223        71315.751401114001        36.464773999105006     
   1.0306529183795310        34093959706.456020        37335922.912809871        2810582585.7163205        33619597.609340243        72441.074546907810        36.919163492941045     
   1.0311056761530322        33554395581.031631        37498387.324827984        2765591771.5481753        33659140.615300886        73574.001321307311        37.381571275927584     
   1.0315639828151018        33028287176.523930        37663100.749340124        2721720884.4833760        33700247.081636205        74713.851453201438        37.852437688503080     
   1.0320279063715607        32515585126.432140        37830153.142450444        2678965701.7271004        33743034.118059173        75859.935641317221        38.332230871277424     
   1.0324975156616940        32016208033.520130        37999637.197470166        2637319333.3693900        33787616.936685778        77011.569330456492        38.821444770346240     
   1.0329728803684628        31530036915.801682        38171647.862588704        2596771761.4806290        33834106.883283749        78168.087951730471        39.320596490069001     
   1.0334540710288467        31056910307.508381        38346281.813917562        2557309433.8061280        33882609.413137130        79328.863113986125        39.830223055279234     
   1.0339411590443082        30596620308.819824        38523636.904187426        2518914936.5218363        33933222.097753972        80493.319103147121        40.350877689647952     
   1.0344342166913889        30148909855.464096        38703811.610856459        2481566768.4959922        33986032.755019136        81660.948946435936        40.883125754701460     
   1.0349333171324351        29713471430.725990        38886904.508256830        2445239235.5604639        34041117.796841316        82831.329253967124        41.427540526738127     
   1.0354385344264514        29289947371.113701        39073013.788147695        2409902477.2869911        34098540.880403452        84004.133064807684        41.984699006812157     
   1.0359499435400927        28877931827.295666        39262236.850430049        2375522631.3041000        34158351.934003375        85179.140007088747        42.555177962572380     
   1.0364676203587864        28476974342.301018        39454669.981050976        2342062132.0026579        34220586.607861526        86356.243228895997        43.139550389662652     
   1.0369916416979927        28086584909.613785        39650408.128630579        2309480132.1467981        34285266.173389420        87535.452749703225        43.738382551411334     
   1.0375220853146037        27706240284.715477        39849544.785166457        2277733028.4495845        34352397.865800917        88716.895104763375        44.352231714167026     
   1.0380590299184811        27335391252.829845        40052171.968673855        2246775066.4910460        34421975.639947444        89900.809389828748        44.981644650665139     
   1.0386025551841354        26973470511.545422        40258380.300580829        2216558996.4925990        34493981.283902019        91087.540021153327        45.627156929519373     
   1.0391527417625481        26619900810.356632        40468259.165217847        2187036750.2259979        34568385.818773963        92277.526703491996        46.289292962933864     
   1.0397096712931400        26274103000.694443        40681896.935287654        2158160110.3002710        34645151.102786407        93471.292221320778        46.968566743618418     
   1.0402734264158839        25935503685.848953        40899381.245954201        2129881345.9477675        34724231.553254090        94669.428729680119        47.665483168704242     
   1.0408440907835681        25603542213.159771        41120799.299104042        2102153793.9984732        34805575.905192994        95872.583232110992        48.380539831795701     
   1.0414217490742099        25277676815.348675        41346238.180920437        2074932368.9766650        34889128.932681404        97081.442887298836        49.114229153934261     
   1.0420064870036183        24957389775.509212        41575785.177633263        2048173991.9312134        34974833.072048590        98296.720706901775        49.867040727181532     
   1.0425983913381154        24642191555.428364        41809528.076891743        2021837933.0216699        35062629.900245093        99519.142102162645        50.639463754392573     
   1.0431975499074095        24331623884.698009        42047555.445013762        1995886067.6855955        35152461.436491914        100749.43262134225        51.431989484222520     
   1.0438040516176288        24025261855.595463        42289956.873338394        1970283050.1275511        35244271.248764098        101988.30710396571        52.245113558065356     
   1.0444179864645127        23722715104.282188        42536823.189192519        1944996410.8813775        35338005.359497264        103236.46037418113        53.079338206103280     
   1.0450394455467666        23423628182.971012        42788246.629414454        1919996587.1303210        35433612.953868605        104494.55950284543        53.935174246520113     
   1.0456685210795800        23127680240.939777        43044320.975862838        1895256895.6305432        35531046.902329445        105763.23759789600        54.813142859742726     
   1.0463053064083081        22834584136.757332        43305141.654019423        1870753458.3724048        35630264.113086782        107043.08902600354        55.713777121270326     
   1.0469498960223249        22544085101.007584        43570805.795964293        1846465090.9697037        35731225.734733224        108334.66593625736        56.637623290276188     
   1.0476023855690426        22255959061.411263        43841412.270489283        1822373163.0018222        35833897.228641167        109638.47593045550        57.585241855240788     
   1.0482628718681042        21970010730.619576        44117061.682384342        1798461438.7076058        35938248.332497776        110954.98072093999        58.557208346846608     
   1.0489314529257519        21686071544.284847        44397856.343604170        1774715905.2789953        36044252.934137054        112284.59561459128        59.554113929000010     
   1.0496082279493675        21403997523.269268        44683900.218498304        1751124594.9115298        36151888.873853236        113627.68967127964        60.576565781603087     
   1.0502932973621941        21123667120.655422        44975298.845366001        1727677405.6258559        36261137.690736733        114984.58639566106        61.625187287458850     
   1.0509867628182381        20844979101.661819        45272159.235941388        1704365924.8856053        36371984.327202007        116355.56483825954        62.700618036347038     
   1.0516887272173518        20567850493.465836        45574589.754417680        1681183259.0664070        36484416.803027786        117740.86099585368        63.803513656392717     
   1.0523992947205041        20292214632.115879        45882699.977226987        1658123871.0239277        36598425.868248239        119140.66941722788        64.934545481069875     
   1.0531185707652342        20018019325.326412        46196600.534347996        1635183427.3460324        36714004.642929934        120555.14493719098        66.094400059189326     
   1.0538466620812983        19745225143.103340        46516402.932924427        1612358656.2529678        36831148.249308735        121984.40447313868        67.283778511342106     
   1.0545836767065064        19473803842.481632        46842219.363609284        1589647216.6770334        36949853.440950178        123428.52883269307        68.503395735351333     
   1.0553297240027539        19203736928.169243        47174162.489852488        1567047578.6745694        37070118.232228428        124887.56449155472        69.753979461136623     
   1.0560849146722480        18935014347.514240        47512345.220454089        1544558915.0125234        37191941.529875129        126361.52530851518        71.036269152395391     
   1.0568493607739358        18667633315.497093        47856880.465270944        1522181003.5958233        37315322.768313318        127850.39415498468        72.351014752609103     
   1.0576231757401311        18401597263.650627        48207880.874119863        1499914140.2201767        37440261.549271867        129354.12444136904        73.698975270264867     
   1.0584064743933468        18136914905.545292        48565458.559009880        1477759061.0198486        37566757.285435155        130872.64152743967        75.080917196329523     
   1.0591993729633318        17873599410.556145        48929724.799494289        1455716873.9470940        37694808.848223433        132405.84401061581        76.497612747662828     
   1.0600019891043189        17611667677.312359        49300789.731335692        1433788998.5435951        37824414.218577549        133953.60488670887        77.949837927042296     
   1.0608144419124823        17351139698.002480        49678762.018437721        1411977113.2893009        37955570.140216962        135515.77258300112        79.438370391523847     
   1.0616368519436097        17092038004.903276        50063748.508383632        1390283109.7910511        38088271.773959413        137092.17186320241        80.963987118527768     
   1.0624693412309909        16834387190.642389        50455853.871663064        1368709053.1247542        38222512.352323905        138682.60460773431        82.527461860430392     
   1.0633120333035266        16578213494.252678        50855180.225238457        1347257147.6474719        38358282.832846463        140286.85047119253        84.129562376148570     
   1.0641650532040567        16323544445.371857        51261826.740721412        1325929707.6681216        38495571.549412906        141904.66742249700        85.771047430506087     
   1.0650285275079159        16070408559.656347        51675889.238098547        1304729132.3813620        38634363.860213049        143535.79217086034        87.452663550163422     
   1.0659025843417149        15818835078.908627        52097459.765754789        1283657884.5338678        38774641.791508503        145179.94048261282        89.175141526721944     
   1.0667873534023533        15568853750.064623        52526626.167922534        1262718472.3286784        38916383.676212147        146836.80739263009        90.939192657297667     
   1.0676829659762643        15320494637.717678        52963471.640755348        1241913434.1346853        39059563.786817253        148506.06731525491        92.745504714641655     
   1.0685895549588948        15073787965.440861        53408074.278535895        1221245325.5982952        39204151.961951025        150187.37405769734        94.594737638983091     
   1.0695072548744262        14828763981.670954        53860506.611652240        1200716708.8091855        39350113.226323895        151880.36073959235        96.487518945801995     
   1.0704362018957356        14585452846.440704        54320835.138265297        1180330143.2082131        39497407.403894655        153584.63962130193        98.424438844985517     
   1.0713765338646013        14343884535.691561        54789119.851728879        1160088177.9690690        39645988.724443763        155299.80184363795        100.40604506912088     
   1.0723283903121568        14104088760.324238        55265413.766083717        1139993345.6135218        39795805.423786804        157025.41708059484        102.43283741047172     
   1.0732919124795954        13866094897.557707        55749762.442222439        1120048156.6543524        39946799.338131204        158761.03310632304        104.50526196855772     
   1.0742672433391272        13629931932.463703        56242203.517290689        1100255095.1009901        40098905.493713282        160506.17527858310        106.62370511441681     
   1.0752545276151955        13395628407.935644        56742766.240511216        1080616614.6595297        40252051.692190170        162260.34593744104        108.78848717792005     
   1.0762539118059502        13163212381.530937        57251471.018279403        1061135135.5214105        40406158.093762688        164023.02372219952        110.99985587160498     
   1.0772655442049877        12932711387.953562        57768328.972007938        1041813041.6180059        40561136.799080029        165793.66280521036        113.25797946479022     
   1.0782895749233532        12704152406.107525        58293341.512109727        1022652678.2573198        40716891.431909002        167571.69204369266        115.56293972758314     
   1.0793261559118177        12477561829.854399        58826499.931759857        1003656350.0650222        40873316.724498950        169356.51404971827        117.91472466767313     
   1.0803754409834221        12252965441.720905        59367785.023937121        984826319.17871451        41030298.108315431        171147.50418062054        120.31322108889523     
   1.0814375858363032        12030388389.028051        59917166.725823723        966164803.62814081        41187711.312046178        172944.00944855096        122.75820700188605     
   1.0825127480767964        11809855161.927603        60474603.794229448        947673975.86966932        41345421.969968326        174745.34735214498        125.24934392488508     
   1.0836010872428214        11591389572.971537        61040043.515934981        929355961.44113255        41503285.243613124        176550.80463231809        127.78616911642433     
   1.0847027648275553        11375014737.924280        61613421.456882209        911212837.70763719        41661145.459768400        178359.63595447826        130.36808778619766     
   1.0858179443033964        11160753057.603361        62194661.254246451        893246632.66697967        41818835.767716654        180171.06251895230        132.99436533399714     
   1.0869467911462209        10948626200.491222        62783674.454748407        875459323.81774628        41976177.820009314        181984.27060715921        135.66411967566040     
   1.0880894728599368        10738655086.085678        63380360.403525472        857852837.05105054        42132981.479258284        183798.41006393122        138.37631371251896     
   1.0892461590013389        10530859868.807655        63984606.186771639        840429045.56939924        42289044.555219121        185612.59272427417        141.12974801108481     
   1.0904170212052688        10325259922.407545        64596286.631640054        823189768.82328320        42444152.575846158        187425.89079081456        143.92305376116639     
   1.0916022332100825        10121873824.874144        65215264.367094897        806136771.44409442        42598078.595361300        189237.33516629576        146.75468608130939     
   1.0928019708834309        9920719343.7296581        65841389.948293917        789271762.18644357        42750583.043921880        191045.91375276697        149.62291774912740     
   1.0940164122483562        9721813421.7644329        66474502.047797568        772596392.86299860        42901413.621924281        192850.56972332118        152.52583343050253     
   1.0952457375097069        9525172163.1866474        67114427.716226518        756112257.26872480        43050305.242513344        194650.19977572461        155.46132448539012     
   1.0964901290808786        9330810820.1877422        67760982.714740902        739820890.09772289        43196980.025982931        196443.65237863595        158.42708442931112     
   1.0977497716108802        9138743779.9552670        68413971.921690807        723723765.84588063        43341147.349046886        198229.72601931333        161.42060512742987     
   1.0990248520117343        8948984552.1321049        69073189.815301955        707822297.70304465        43482503.952269688        200007.16746432643        164.43917379872315     
   1.1003155594862115        8761545756.7864227        69738421.034387216        692117836.43006885        43620734.108136810        201774.67004224035        167.47987090333299     
   1.1016220855559049        8576439112.9045744        70409441.018651545        676611669.22043133        43755509.852203086        203530.87195870752        170.53956898379948     
   1.1029446240896501        8393675427.4289093        71086016.729807690        661305018.55679309        43886491.279931299        205274.35465604765        173.61493252862604     
   1.1042833713322908        8213264584.9212236        71767907.455210492        646199041.05133283        44013326.910183132        207003.64122360857        176.70241891592113     
   1.1056385259338002        8035215537.8604937        72454865.694972143        631294826.28178012        44135654.117191777        208717.19487017006        179.79828049352480     
   1.1070102889787568        7859536297.6344261        73146638.133937210        616593395.62109613        44253099.631510474        210413.41746494532        182.89856784082738     
   1.1083988640161826        7686233926.2604809        73842966.699689656        602095701.06789219        44365280.110430293        212090.64815478618        185.99913425087527     
   1.1098044570897467        7515314528.8881235        74543589.708049953        587802624.08013427        44471802.777503438        213747.16206238183        189.09564146046756     
   1.1112272767683391        7346783247.1371527        75248243.097790688        573714974.41286194        44572266.130040348        215381.16906776669        192.18356664448140     
   1.1126675341770185        7180644253.2829905        75956661.756114066        559833488.97467113        44666260.713791765        216990.81267782600        195.25821068356626     
   1.1141254430283414        7016900745.3738270        76668580.937602177        546158830.69722688        44753369.961917199        218574.16897950607        198.31470769596928     
   1.1156012196540728        6855554943.2737370        77383737.778918341        532691587.43491060        44833171.096321449        220129.24567766834        201.34803581900252     
   1.1170950830372870        6696608085.7082767        78101872.913011357        519432270.89163542        44905236.087274469        221653.98120884813        204.35302920608225     
   1.1186072548448616        6540060428.3125954        78822732.186440617        506381315.58994055        44969132.667923100        223146.24392583501        207.32439119852165     
   1.1201379594603686        6385911242.7275581        79546068.484810114        493539077.88257331        45024425.398513071        224603.83133992346        210.25670861318207     
   1.1216874240173706        6234158816.7568569        80271643.671733588        480905835.01925063        45070676.775449999        226024.46940913744        213.14446707838283     
   1.1232558784331239        6084800455.6012115        80999230.647800565        468481784.27457392        45107448.379237443        227405.81185579699        215.98206733625943     
   1.1248435554426937        5937832484.1820498        81728615.537009627        456267042.14259881        45134302.054717578        228745.43949399638        218.76384241748769     
   1.1264506906334901        5793250250.5473747        82459600.008804709        444261643.61103791        45150801.117203072        230040.85954832911        221.48407558641043     
   1.1280775224802242        5651048130.3656874        83192003.745158553        432465541.51586211        45156511.576638706        231289.50493871828        224.13701894001278     
   1.1297242923802953        5511219532.4813948        83925667.062481448        420878605.99051136        45151003.372821733        232488.73351082052        226.71691254088549     
   1.1313912446896099        5373756905.5296469        84660453.699408188        409500624.00904906        45133851.613178976        233635.82718515309        229.21800395070369     
   1.1330786267588411        5238651745.5452976        85396253.781011030        398331299.03873706        45104637.806145981        234727.99100710460        231.63456803303657     
   1.1347866889701310        5105894604.5757647        86132986.971383110        387370250.79800355        45062951.081366472        235762.35207313224        233.96092688025911     
   1.1365156847742441        4975475100.2091684        86870605.824782744        376617015.13344020        45008389.390137531        236735.95832289418        236.19146972754922     
   1.1382658707281756        4847381925.9996786        87609099.345850587        366071044.01165980        44940560.678224809        237645.77718514996        238.32067270734694     
   1.1400375065332207        4721602862.7158661        88348496.766854569        355731705.63425159        44859084.025339767        238488.69408240772        240.34311830733344     
   1.1418308550735099        4598124790.3537331        89088871.547727764        345598284.67301011        44763590.745554626        239261.51080783134        242.25351439489992     
   1.1436461824550170        4476933700.8545895        89830345.600808054        335669982.62702733        44653725.444847018        239960.94380832065        244.04671268097024     
   1.1454837580450465        4358014711.4636679        90573093.737207577        325945918.29510552        44529147.032925941        240583.62242690875        245.71772650297669     
   1.1473438545122017        4241352078.6606112        91317348.324650601        316425128.36154419        44389529.689211443        241126.08718872894        247.26174782361741     
   1.1492267478668459        4126929212.6110344        92063404.138459578        307106568.08356273        44234563.784341358        241584.78824437963        248.67416335317535     
   1.1511327175020587        4014728692.0779238        92811623.376021236        297989112.07230395        44063956.762071073        241956.08412839443        249.95056972668732     
   1.1530620462350922        3904732279.7631741        93562440.792374358        289071555.15055609        43877433.988806143        242236.24103397163        251.08678768496765     
   1.1550150203493375        3796920938.0556579        94316368.898469582        280352613.26811630        43674739.581555523        242421.43285970233        252.07887523438976     
   1.1569919296368052        3691274845.1634178        95074003.144373193        271830924.45813680        43455637.229721636        242507.74234985010        252.92313979296085     
   1.1589930674411260        3587773411.6811953        95836026.989050806        263505049.80255345        43219911.028421491        242491.16370779171        253.61614935148353     
   1.1610187307010786        3486395297.6245437        96603216.732458144        255373474.38151947        42967366.346701480        242367.60714341784        254.15474271978957     
   1.1630692199946502        3387118430.0279589        97376445.958498672        247434608.17402926        42697830.757456183        242132.90588730137        254.53603895891618     
   1.1651448395836386        3289920021.2468076        98156689.407116681        239686786.87264743        42411155.059555531        241782.82627963938        254.75744613408557     
   1.1672458974588003        3194776588.1373239        98945026.060879618        232128272.57680282        42107214.426766269        241313.08161821275        254.81666956179797     
   1.1693727053855500        3101663972.3609552        99742641.197928607        224757254.32519799        41785909.720339842        240719.35051128213        254.71171975502003     
   1.1715255789502244        3010557362.1106272        100550827.12885191        217571848.42841652        41447169.003872171        239997.30053130389        254.44092030087845     
   1.1737048376069081        2921431315.6158023        101370982.30179320        210570098.56785518        41090949.299774349        239142.61799498956        254.00291593271811     
   1.1759108047248381        2834259786.8593245        102204608.43042086        203749975.62651148        40717238.624185666        238151.04468602801        253.39668107074152     
   1.1781438076363842        2749016153.9899230        103053305.27385291        197109377.23128057        40326058.334432043        237018.42229752857        252.62152911906506     
   1.1804041776856224        2665673250.9884758        103918762.68101825        190646126.98892608        39917465.815058179        235740.74526584911        251.67712279345758     
   1.1826922502775012        2584203403.1783519        104802749.50461514        184357973.41820100        39491557.519840762        234314.22251429284        250.56348573856488     
   1.1850083649276093        2504578467.2304163        105707098.99762680        178242588.59405440        39048472.373107657        232735.34838807865        249.28101564870167     
   1.1873528653125560        2426769876.3140683        106633690.32916108        172297566.54246473        38588395.517143063        231000.98275346850        247.83049904666268     
   1.1897260993209671        2350748691.0527172        107584425.90124525        166520421.44832012        38111562.371755190        229108.43983839452        246.21312778981508     
   1.1921284191051058        2276485656.9044495        108561204.21615419        160908585.76527002        37618262.948056705        227055.58491583244        244.43051726350305     
   1.1945601811331279        2203951268.5138373        109565888.13723168        155459408.34682855        37108846.332100868        224840.93738410305        242.48472609199993     
   1.1970217462419752        2133115841.4670694        110600268.50691868        150170152.74639103        36583725.225285932        222463.77819257425        240.37827704309984     
   1.1995134796909197        2063949591.7197230        111666023.23347920        145037995.86246005        36043380.399492472        219924.25892741513        238.11417863332710     
   1.2020357512157602        1996422722.7500260        112764672.13141319        140060027.13055605        35488364.897227757        217223.50924572928        235.69594676092694     
   1.2045889350836889        1930505520.2233965        113897527.99622327        135233248.48216531        34919307.782510407        214363.73877194570        233.12762551244651     
   1.2071734101488238        1866168453.6362145        115065644.60657714        130554575.30139123        34336917.229256921        211348.32910221885        230.41380611619485     
   1.2097895599084270        1803382284.0421197        116269762.56771263        126020838.60989237        33741982.723050356        208181.91125813223        227.55964286779815     
   1.2124377725598094        1742118176.5669076        117510254.12960957        121628788.69623260        33135376.151299644        204870.42384464349        224.57086473982361     
   1.2151184410579323        1682347816.0004737        118787068.31966217        117375100.37734099        32518051.568289790        201421.14734932341        221.45378132796694     
   1.2178319631737184        1624043523.3337946        120099677.90959683        113256380.03251171        31891043.445853315        197842.71050013334        218.21528178697781     
   1.2205787415530720        1567178370.7056601        121447029.87576596        109269174.49348606        31255463.259996530        194145.06540265548        214.86282549498762     
   1.2233591837766284        1511726291.8868313        122827501.09951821        105409981.79393147        30612494.314128548        190339.42926712948        211.40442333804651     
   1.2261737024202310        1457662185.1391156        124238861.07567044        101675263.70117356        29963384.764164697        186438.19190098852        207.84860875977299     
   1.2290227151161515        1404962005.1281853        125678243.34658374        98061459.858167216        29309438.881533056        182454.78967774112        204.20439803943546     
   1.2319066446150613        1353602840.5223279        127142127.24966736        94565003.272532657        28652006.666530125        178403.54832223887        200.48123965255309     
   1.2348259188487600        1303562974.0136032        128626331.35745263        91182336.804406822        27992472.000670478        174299.49845180119        196.68895300649189     
   1.2377809709936753        1254821921.7747753        130126019.70661898        87909930.229293227        27332239.596560169        170158.16925310303        192.83765729866980     
   1.2407722395351390        1207360449.7854593        131635721.56257017        84744297.400691226        26672721.065146875        165995.36685808358        188.93769170403885     
   1.2438001683324520        1161160565.0663261        133149365.06586121        81682013.003258601        26015320.464837261        161826.94478661055        184.99952850991227     
   1.2468652066847459        1116205480.5783710        134660324.66975921        78719728.386985719        25361419.725862961        157668.57421200146        181.03368117565174     
   1.2499678093976530        1072479553.3979801        136161481.82773876        75854185.994083151        24712364.350141168        153535.52172140122        177.05060955219827     
   1.2531084368507923        1029968196.6811659        137645297.94336817        73082231.945305333        24069449.775736053        149442.44172930258        173.06062465936148     
   1.2562875550660824        988657766.88039017        139103898.17691395        70400826.425908133        23433908.763102952        145403.18978513518        169.07379545389233     
   1.2595056357768928        948535428.59538770        140529164.33067757        67807051.606138691        22806900.112839628        141430.66179670554        165.09985994235586     
   1.2627631564980422        909589000.28364253        141912834.72576857        65298116.939176545        22189498.964903723        137536.66277195793        161.14814280585296     
   1.2660606005966535        871806784.79324293        143246608.75148836        62871361.789612904        21582688.860210504        133731.80716710183        157.22748141542456     
   1.2693984573638797        835177389.25628781        144522253.62302661        60524255.455198586        20987355.673356984        130025.45144010117        153.34616175811033     
   1.2727772220875055        799689539.26355720        145731710.82820696        58254394.746724471        20404283.454361565        126425.65804140255        149.51186539006156     
   1.2761973961254427        765331892.43382466        146867199.78196287        56059499.375176370        19834152.149852790        122939.18889150795        145.73162809951918     
   1.2796594869801219        732092856.45874476        147921316.33141869        53937405.464580163        19277537.115782812        119571.52546470624        142.01181054008779     
   1.2831640083738001        699960416.47298527        148887123.95835528        51886057.556065321        18734910.284939211        116326.91193200406        138.35808069563700     
   1.2867114803247890        668921976.18484414        149758235.79807332        49903499.493522182        18206642.814715143        113208.41741515660        134.77540768135222     
   1.2903024292246170        638964216.62093639        150528885.91892412        47987864.586853348        17693009.015039332        110218.01325471007        131.26806608932458     
   1.2939373879161380        610072975.63684607        151193988.67023593        46137365.435378738        17194191.341860060        107356.66125872327        127.83964985510276     
   1.2976168957725991        582233150.56083107        151749185.29127803        44350283.763695031        16710286.236854613        104624.40913195735        124.49309445443338     
   1.3013414987776724        555428625.50477207        152190877.36301175        42624960.581427693        16241310.598678300        102020.48964918309        121.23070614128314     
   1.3051117496064730        529642224.04229522        152516247.06233534        40959786.928242490        15787208.682489661        99543.420580409424        118.05419689901126     
   1.3089282077075677        504855687.15506160        152723264.53162429        39353195.410650089        15347859.241198039        97191.102861890089        114.96472378934020     
   1.3127914393859874        481049675.61191225        152810682.99206212        37803652.681547947        14923082.742480040        94960.915003131086        111.96293144150640     
   1.3167020178872588        458203795.30209386        152778022.49913999        36309652.959332734        14512648.518239886        92849.802197846628        109.04899651488266     
   1.3206605234824664        436296643.51267672        152625543.45695901        34869712.632531762        14116281.726263242        90854.359044910423        106.22267308103199     
   1.3246675435543549        415305873.72082645        152354211.16966888        33482365.952446435        13733670.027358500        88970.905179343841        103.48333800370290     
   1.3287236726844880        395208276.18577987        151965652.81595591        32146161.777993392        13364469.902907094        87195.553445303725        100.83003552999789     
   1.3328295127414758        375979871.45319945        151462108.28542614        30859661.307034053        13008312.558123499        85524.270520415317        98.261520444499624     
   1.3369856729702831        357596013.82978815        150846376.32029656        29621436.705314048        12664809.374221036        83952.930118958378        95.776299269463280     
   1.3411927700826323        340031501.92582351        150121757.36585197        28430070.529552232        12333556.888941068        82477.359072388310        93.372669121399653     
   1.3454514283485131        323260693.49705863        149291994.45818695        27284155.830977630        12014141.297737779        81093.376702351059        91.048753944025066     
   1.3497622796888158        307257622.01258814        148361213.37271470        26182296.822948858        11706142.479294963        79796.827984490097        88.802537939531334     
   1.3541259637690992        291996112.62520385        147333863.13094795        25123109.997632258        11409137.557876186        78583.611048451246        86.631896106518468     
   1.3585431280945062        277449895.50667846        146214657.82348371        24105225.581667971        11122704.021704875        77449.699578682528        84.534621864862814     
   1.3630144281058447        263592714.81352791        145008520.55985609        23127289.229134072        10846422.421763549        76391.160681055640        82.508451808385942     
   1.3675405272768446        250398431.86011156        143720530.20795363        22187963.860057835        10579878.678809116        75404.168763203459        80.551087673173555     
   1.3721220972126078        237841121.38066936        142355871.44132385        21285931.563953303        10322666.028536072        74485.015948506174        78.660215645625215     
   1.3767598177492644        225895160.05222699        140919788.47633550        20419895.499719232        10074386.635891668        73630.119508394215        76.833523160854341     
   1.3814543770548493        214535306.71865189        139417542.75563586        19588581.735053509        9834652.9097221717        72836.026757871674        75.068713360065658     
   1.3862064717314166        203736773.99770460        137854374.72164652        18790740.979870997        9603088.5483830627        72099.417817171634        73.363517386292813     
   1.3910168069184057        193475291.16620854        136235469.72575852        18025150.178705521        9379329.3457913548        71417.106599402556        71.715704702138453     
   1.3958860963972712        183727158.39825973        134565928.03469816        17290613.936904229        9163023.7860568576        70786.040343976390        70.123091613835598     
   1.4008150626973999        174469292.58255854        132850738.82633258        16585965.763920257        8953833.4530648924        70203.297976075541        68.583548182046371     
   1.4058044372033216        165679265.06665885        131094758.01208447        15910069.124123920        8751433.2793090679        69666.087534266830        67.095003692013748     
   1.4108549602632361        157335331.76703534        129302689.67995681        15261818.292264361        8555511.6565804183        69171.742877343873        65.655450848721856     
   1.4159673812988693        149416456.15369716        127479070.92187837        14640139.015356321        8365770.4288033480        68717.719848186942        64.262948850709336     
   1.4211424589166775        141902325.66176957        125628259.78801380        14043988.987314083        8181924.7856206503        68301.592047718790        62.915625486814264     
   1.4263809610204112        134773362.11067101        123754426.09977730        13472358.145294920        8003703.0730736097        67921.046344471746        61.611678386622764     
   1.4316836649250624        128010726.71891071        121861544.84849706        12924268.799532145        7830846.5362444464        67573.878227134948        60.349375545774720     
   1.4370513574722050        121596320.30022942        119953391.90930973        12398775.609717168        7663109.0068045659        67257.987086653826        59.127055234686310     
   1.4424848351467507        115512779.21172728        118033541.80691086        11894965.422003085        7500256.5468552941        66971.371498488574        57.943125388323644     
   1.4479849041951363        109743467.60116532        116105367.28055869        11411956.981255051        7342067.0590553181        66712.124562289086        56.796062564642675     
   1.4535523807449571        104272466.47187191        114172040.40975320        10948900.533066036        7188329.8715916937        66478.429343107724        55.684410548793764     
   1.4591880909260688        99084560.048698649        112236535.07717885        10504977.330044249        7038845.3055690238        66268.554450432377        54.606778672360811     
   1.4648928709931728        94165219.893981099        110301630.56328863        10079399.055887425        6893424.2309615426        66080.849778863223        53.561839906393715     
   1.4706675674499035        89500587.182572648        108369916.08359106        9671407.1804815661        6751887.6166657992        65913.742430790371        52.548328781438677     
   1.4765130371744370        85077453.508085340        106443796.09788722        9280272.2580738775        6614066.0790833170        65765.732832578433        51.565039179276432     
   1.4824301475466390        80883240.553608522        104525496.23752616        8905293.1799201481        6479799.4331546724        65635.391053456435        50.610822036236200     
   1.4884197765767702        76905978.925445780        102617069.71434928        8545796.3914031405        6348936.2487465907        65521.353327881909        49.684582990249943     
   1.4944828130357701        73134286.411194175        100720404.08974865        8201135.0831542844        6221333.4151895363        65422.318784307026        48.785280001553694     
   1.5006201565871389        69557345.892852351        98837228.298280016        7870688.3642459763        6096855.7158443276        65337.046375486469        47.911920970068884     
   1.5068327179204313        66164883.113899469        96969119.833572865        7553860.4248482995        5975375.4143936737        65264.352006160392        47.063561370030129     
   1.5131214188863915        62947144.471522480        95117512.017215937        7250079.6947463462        5856771.8541119685        65203.105851332897        46.239301918580622     
   1.5194871926337401        59894874.979473151        93283701.282903150        6958798.0032430254        5740931.0710386820        65152.229856827806        45.438286292020820     
   1.5259309837476409        56999296.523740828        91468854.418668300        6679489.7452149531        5627745.4217456840        65110.695413151552        44.659698900929833     
   1.5324537483898628        54252086.512263253        89674015.719364181        6411651.0573256947        5517113.2261404842        65077.521192705106        43.902762733052342     
   1.5390564544406584        51645357.001371555        87900114.010050595        6154799.0077395011        5408938.4255557768        65051.771139780030        43.166737270837402     
   1.5457400816423854        49171634.364805676        86147969.508090764        5908470.8021088019        5303130.2562628118        65032.552603195189        42.450916489138343     
   1.5525056217448829        46823839.557110555        84418300.498612449        5672223.0079841260        5199602.9383160118        65019.014599809540        41.754626936539204     
   1.5593540786526345        44595269.009827383        82711729.803130880        5445630.7994446233        5098275.3796774019        65010.346199395499        41.077225903445388     
   1.5662864685737317        42479576.188694820        81028791.026602954        5228287.2231460949        4999070.8952792417        65005.775018474451        40.418099677799447     
   1.5733038201706628        40470753.829625607        79369934.571643203        5019802.4868277125        4901916.9408588577        65004.565814708360        39.776661889891088     
   1.5804071747129538        38563116.864164203        77735533.412988767        4819803.2707643909        4806744.8610698152        65006.019169577354        39.152351945308872     
   1.5875975862316740        36751286.037210457        76125888.627450213        4627932.0625934443        4713489.6515910858        65009.470251637060        38.544633546067729     
   1.5948761216758403        35030172.214967683        74541234.677875862        4443846.5155316703        4622089.7347004814        65014.287649578517        37.952993298009787     
   1.6022438610707352        33394961.375604678        72981744.451126680        4267218.8299266826        4532486.7479109736        65019.872267467457        37.376939403157202     
   1.6097018976781685        31841100.271687251        71447534.052179292        4097735.1578293080        4444625.3451290764        65025.656273117689        36.816000434548798     
   1.6172513381586979        30364282.749936990        69938667.357559308        3935095.0302184089        4358453.0098808100        65031.102092851615        36.269724191393777     
   1.6248933027358436        28960436.711575992        68455160.332548633        3779010.8063511699        4273919.8800783036        65035.701445505423        35.737676631752230     
   1.6326289253623099        27625711.694660500        66996985.117557347        3629207.1446230304        4190978.5837806459        65038.974408844515        35.219440879635421     
   1.6404593538882493        26356467.058071814        65564073.889403775        3485420.4943162673        4109584.0854869578        65040.468513853673        34.714616303787473     
   1.6483857502315844        25149260.746196765        64156322.504104927        3347398.6075008009        4029693.5423965515        65039.757861077000        34.222817664629794     
   1.6564092905504206        24000838.612435080        62773593.927875094        3214900.0703698052        3951266.1701437663        65036.442255130882        33.743674326204690     
   1.6645311654175685        22908124.279388424        61415721.463358127        3087693.8532635169        3874263.1175030423        65030.146353858741        33.276829529737995     
   1.6727525799972089        21868209.513534516        60082511.778287470        2965558.8786210483        3798647.3495510258        65020.518828894645        32.821939725332022     
   1.6810747542237197        20878345.092257228        58773747.743822575        2848283.6061183130        3724383.5388002121        65007.231535347106        32.378673958378386     
   1.6894989229826958        19935932.141342588        57489191.089753263        2735665.6342628426        3651437.9638332184        64989.978689052223        31.946713307322263     
   1.6980263362941885        19038513.921623874        56228584.883956604        2627511.3177187503        3579778.4149422701        64968.476049502577        31.525750369185527     
   1.7066582594981892        18183768.043709874        54991655.843065605        2523635.3996981285        3509374.1063663554        64942.460108802690        31.115488789799748     
   1.7153959734423867        17369499.090667419        53778116.481658071        2423860.6587292473        3440195.5946310009        64911.687285123822        30.715642835103779     
   1.7242407746722259        16593631.628917787        52587667.106834449        2328017.5691944282        3372214.7026046230        64875.933121664413        30.325937000513047     
   1.7331939756232959        15854203.588453399        51419997.665090047        2235943.9750327780        3305404.4488478899        64834.991491292814        29.946105655160913     
   1.7422569048160752        15149359.994178053        50274789.448242180        2147484.7760494663        3239738.9818711020        64788.673807835745        29.575892718023884     
   1.7514309070530643        14477347.030944545        49151716.665068373        2062491.6262988180        3175193.5189179881        64736.808244910193        29.215051362976890     
   1.7607173436183350        13836506.425603684        48050447.885169163        1980822.6440503411        3111744.2889256789        64679.238963680058        28.863343750051552     
   1.7701175924795232        13225270.130089933        46970647.361386634        1902342.1328779280        3049368.4793324391        64615.825351250176        28.520540780310622     
   1.7796330484922993        12642155.290396484        45911976.237114891        1826920.3134357666        2988044.1864011190        64546.441270843112        28.186421871772637     
   1.7892651236073440        12085759.486900607        44874093.644537695        1754433.0655275362        2927750.3687792663        64470.974325924100        27.860774754186888     
   1.7990152470798604        11554756.232326977        43856657.699913099        1684761.6800847438        2868466.8039918835        64389.325139203444        27.543395280316084     
   1.8088848656816536        11047890.714152189        42859326.401625581        1617792.6207207185        2810174.0476414110        64301.406649093122        27.234087251966887     
   1.8188754439158101        10563975.769029412        41881758.436805710        1553417.2945259926        2752853.3950548898        64207.143424671827        26.932662258796395     
   1.8289884642340080        10101888.077408761        40923613.902157456        1491531.8318008431        2696486.8451524782        64106.471000441168        26.638939528195824     
   1.8392254272564914        9660564.5670005810        39984554.944272950        1432036.8744536785        2641057.0663714195        63999.335233392623        26.352745785015522     
   1.8495878519947389        9238999.0145088974        39064246.324959137        1374837.3727721320        2586547.3643998373        63885.691681782191        26.073915119386307     
   1.8600772760768620        8836238.8353195321        38162355.916481018        1319842.3903442961        2532941.6516301059        63765.505009007080        25.802288861979338     
   1.8706952559757670        8451382.0516034402        37278555.131931946        1266964.9168603763        2480224.4181129863        63638.748411421257        25.537715465249324     
   1.8814433672401105        8083574.4295361796        36412519.295365803        1216121.6885807624        2428380.7039241442        63505.403072303117        25.280050390123556     
   1.8923232047280893        7732006.7769382754        35563927.956434712        1167233.0162400748        2377396.0728026796        63365.457641856345        25.029155997297298     
   1.9033363828440919        7395912.3930059457        34732465.154005870        1120222.6201726871        2327256.5869596573        63218.907743725562        24.784901442576999     
   1.9144845357782523        7074564.6621866524        33917819.632998280        1075017.4724525621        2277948.7829739787        63065.755508585331        24.547162575916840     
   1.9257693177489392        6767274.7846796988        33119685.018587101        1031547.6458343443        2229459.6486762948        62906.009134200169        24.315821843725931     
   1.9371924032482168        6473389.6363691511        32337759.951693438        989746.16929857479        2181776.6009637052        62739.682472166409        24.090768194305571     
   1.9487554872903154        6192289.7513115415        31571748.189396158        949548.89000256453        2134887.4644939555        62566.794641410655        23.871896986423540     
   1.9604602856631446        5923387.4203102039        30821358.673916340        910894.34142835904        2088780.4511765998        62387.369666811632        23.659109900779693     
   1.9723085351828904        5666124.8993007503        30086305.573376760        873723.61754367489        2043444.1404553121        62201.436143688203        23.452314854728151     
   1.9843019939517352        5419972.7216581451        29366308.297530781        837980.25276836276        1998867.4603128547        62009.026926294355        23.251425920202436     
   1.9964424416187307        5184428.1087497436        28661091.491340365        803610.10756013403        1955039.6689935219        61810.178840389977        23.056363245240203     
   2.0087316796438719        4959013.4733728040        27970385.009174645        770561.25941847358        1911950.3373980380        61604.932418236036        22.867052979271396     
   2.0211715315654084        4743275.0109307263        27293923.872124832        738783.89911455230        1869589.3321357146        61393.331655257949        22.683427202553283     
   2.0337638432704273        4536781.3734649811        26631448.210800979        708230.23195660266        1827946.7992213247        61175.423787468695        22.505423860154963     
   2.0465104832687562        4339122.4219026985        25982703.195790827        678854.38389343722        1787013.1483842733        60951.259087835133        22.332986700799633     
   2.0594133429702244        4149908.0520399669        25347438.957639366        650612.31227636663        1746779.0380149642        60720.890682057972        22.166065221277389     
   2.0724743369653158        3968767.0901215379        24725410.498340711        623461.72107607964        1707235.3606835732        60484.374380262336        22.004614616490045     
   2.0856954033092681        3795346.2539413669        24116377.595808070        597361.98038114829        1668373.2292692328        60241.768525514497        21.848595735969614     
   2.0990785038096487        3629309.1756984573        23520104.702909250        572274.04998573707        1630183.9636597703        59993.133856633023        21.697975047122448     
   2.1126256243174604        3470335.4829641799        22936360.842316147        548160.40688990254        1592659.0780311844        59738.533384972005        21.552724605842943     
   2.1263387750218095        3318119.9343478777        22364919.498405833        524984.97653209139        1555790.2686878580        59478.032283533139        21.412822034901641     
   2.1402199907481894        3172371.6065916531        21805558.507212121        502713.06758087204        1519569.4024618759        59211.697787696801        21.278250510668983     
   2.1542713312604160        3032813.1300411313        21258059.945439428        481311.31011134089        1483988.5056428793        58939.599105475441        21.148998758496951     
   2.1684948815662670        2899179.9694964346        20722210.019107383        460747.59701396758        1449039.7534898065        58661.807339421874        21.025061057755700     
   2.1828927522268664        2771219.7478152006        20197798.952917557        440991.02844977664        1414715.4602075235        58378.395413737126        20.906437256108532     
   2.1974670796698597        2648691.6095194044        19684620.880513921        422011.85922154103        1381008.0694919275        58089.438011541410        20.793132794441995     
   2.2122200265064249        2531365.6220364324        19182473.736422189        403781.44889234129        1347910.1455573598        57795.011517592022        20.685158742276595     
   2.2271537818521767        2419022.2122135982        18691159.149971019        386272.21451234241        1315414.3646654661        57495.193967265623        20.582531844358211     
   2.2422705616519938        2311451.6359229689        18210482.341554143        369457.58581168996        1283513.5071377039        57190.065000814837        20.485274578822210     
   2.2575726090088342        2208453.4787069191        17740252.021555349        353311.96272244555        1252200.4498286946        56879.705821645672        20.393415227229347     
   2.2730621945165765        2109836.1854999703        17280280.292065781        337810.67510479636        1221468.1590706166        56564.199159364551        20.306987957081027     
   2.2887416165969432        2015416.6176355181        16830382.551665902        322929.94454742240        1191309.6840441464        56243.629235272936        20.226032916903385     
   2.3046132018405512        1925019.6353956270        16390377.403288601        308646.84812969313        1161718.1505909930        55918.081731510327        20.150596344502755     
   2.3206793053521446        1838477.7045192618        15960086.565316472        294939.28402806830        1132686.7554288111        55587.643761959298        20.080730688476958     
   2.3369423111000533        1755630.5251406035        15539334.785878249        281785.93886407389        1104208.7607762064        55252.403845863446        20.016494743479296     
   2.3534046322699407        1676324.6817685207        15127949.760444112        269166.25668719976        1076277.4893463848        54912.451882161280        19.957953799204258     
   2.3700687116228849        1600413.3129547972        14725762.052593185        257060.40950213457        1048886.3197249151        54567.879126161548        19.905179803584740     
   2.3869370218578450        1527755.7994380151        14332605.018016851        245449.26924452724        1022028.6820901148        54218.778166577162        19.858251540060007     
   2.4040120659785740        1458217.4695893116        13948314.731644772        234314.38112176475        995698.05427471269        53865.242903568069        19.817254819108882     
   2.4212963776650280        1391669.3210753945        13572729.917821042        223637.93823771933        969887.95815461571        53507.368527663981        19.782282684024867     
   2.4387925216493254        1327987.7577383760        13205691.883504674        213402.75742311066        944591.95633678127        53145.251498418904        19.753435630660082     
   2.4565030940963117        1267054.3407225232        12847044.454305371        203592.25620304601        919803.64915390976        52778.989524278317        19.730821841111513     
   2.4744307229887967        1208755.5529895681        12496633.913370937        194190.43082996423        895516.67192353494        52408.681541448357        19.714557430650370     
   2.4925780685175036        1152982.5763701752        12154308.942913286        185181.83532323095        871724.69248693017        52034.427693823935        19.704766707592782     
   2.5109478234758038        1099631.0803990455        11819920.568348989        176551.56145242474        848421.40899121424        51656.329312183690        19.701582445072191     
   2.5295427136592838        1048601.0222041477        11493322.104910042        168285.21961048100        825600.54791241593        51274.488893369024        19.705146163747372     
   2.5483654982702166        999796.45678457082        11174369.106652765        160368.92052332422        803255.86229735543        50889.010078624800        19.715608423940342     
   2.5674189703269814        953125.35702979146        10862919.317663442        152789.25775061359        781381.13023562217        50499.997633002422        19.733129125719231     
   2.5867059570785109        908499.44291547081        10558832.625458412        145533.29092838103        759970.15352344990        50107.557423678139        19.757877814400590     
   2.6062293204238056        865834.01933121565        10261971.016496565        138588.52971067783        739016.75650294439        49711.796396584308        19.790033988643405     
   2.6259919573366037        825047.82200106338        9972198.5335609857        131942.91837539399        718514.78510200465        49312.822554477061        19.829787408165995     
   2.6459968002952428        786062.87104543741        9689381.2350424789        125584.82105267749        698458.10602996871        48910.744933498027        19.877338396550215     
   2.6662468177177994        748804.33172797959        9413387.1559810434        119503.00754339396        678840.60613258870        48505.673579379429        19.932898134213037     
   2.6867450144025549        713200.38197321270        9144086.2707878929        113686.63969518342        659656.19189336884        48097.719522973581        19.996688935418973     
   2.7074944319738656        679182.08626484359        8881350.4575573262        108125.25830602492        640898.78907047480        47686.994754989544        20.068944501953549     
   2.7284981493334901        646683.27555814059        8625053.4638740160        102808.77052841206        622562.34246635973        47273.612200466006        20.149910144688263     
   2.7497592831174558        615640.43287228793        8375070.8740720041        97727.437746900847        604640.81580958131        46857.685691841099        20.239842962332318     
   2.7712809881585185        585992.58423688973        8131280.0778294429        92871.863906490340        587128.19175158709        46439.329941652009        20.339011964921209     
   2.7930664579542928        557681.19469931116        7893560.2400565986        88232.984268868240        570018.47196308698        46018.660514112031        20.447698126958084     
   2.8151189251411188        530650.06911263580        7661792.2720031114        83802.054576277063        553305.67732354347        45595.793795620521        20.566194352481126     
   2.8374416619737381        504845.25744110084        7435858.8035087697        79570.640604221087        536983.84819714341        45170.846964274802        20.694805331087895     
   2.8600379808108460        480214.96434244723        7215644.1563696554        75530.608085524058        521047.04478419013        44743.937957803675        20.833847260064648     
   2.8829112346065964        456709.46279241279        7001034.3187242234        71674.112990043184        505489.34754348034        44315.185440211550        20.983647403582022     
   2.9060648174081285        434281.01153968350        6791916.9204336414        67993.592145710718        490304.85767682263        43884.708766695272        21.144543454701914     
   2.9295021648591941        412883.77618972032        6588181.2094093580        64481.754187666556        475487.69766580785        43452.627946320128        21.316882660142994     
   2.9532267547099549        392473.75372476503        6389718.0288169431        61131.570824286631        461032.01185764873        43019.063602673756        21.501020661182071     
   2.9772421073330273        373008.70028600004        6196419.7951445030        57936.268409618446        446931.96708829363        42584.136931558955        21.697319996203934     
   3.0015517862458543        354448.06204754463        6008180.4770692065        54889.319813561211        433181.75333777856        42147.969655643363        21.906148201903179     
   3.0261593986394781        336752.90903016197        5824895.5751261795        51984.436582006936        419775.58440413320        41710.683974660031        22.127875440058755     
   3.0510685959137915        319885.87169877125        5646462.1020796746        49215.561381750827        406707.69859891757        41272.402512015760        22.362871566101404     
   3.0762830742193512        303811.08021190361        5472778.5640216516        46576.860724909122        393972.35944668861        40833.248255735460        22.611502542940620     
   3.1018065750058317        288494.10619408230        5303744.9421836957        44062.717969176236        381563.85637320316        40393.344491876298        22.874126090016887     
   3.1276428855772016        273901.90689854871        5139262.6753616165        41667.726593847765        369476.50539185083        39952.814731773236        23.151086443162242     
   3.1537958396536978        260002.77165303144        4979234.6429984905        39386.683750144744        357704.64976194408        39511.782629491470        23.442708084375980     
   3.1802693179406978        246766.27047586915        4823565.1488776831        37214.584087633571        346242.66061329038        39070.371888488422        23.749288284419052     
   3.2070672487045528        234163.20475871148        4672159.9054039773        35146.613859927034        335084.93752887810        38628.706155955013        24.071088284056017     
   3.2341936083554876        222165.55992017427        4524926.0184674710        33178.145313554174        324225.90906814445        38186.908901785835        24.408322923191704     
   3.2616524220376397        210746.45993685289        4381771.9728625463        31304.731366102766        313660.03322281525        37745.103280191281        24.761148512057403     
   3.2894477642263253        199880.12366443095        4242607.6182422321        29522.100580534709        303381.79779283836        37303.411971097848        25.129648726234173     
   3.3175837593326376        189541.82286765517        4107344.1556013525        27826.152443184543        293385.72066595010        36861.956997534820        25.513818299570517     
   3.3460645823154409        179707.84188038317        3975894.1242645043        26212.952953867338        283666.34999050415        36420.859515724718        25.913544288796579     
   3.3748944593008754        170355.43882106786        3848171.3893534611        24678.730536231695        274218.26423135505        35980.239574300249        26.328584693795055     
   3.4040776682094509        161462.80829546758        3724091.1297308202        23219.872275047259        265036.07209413906        35540.215837845797        26.758544242383426     
   3.4336185393908236        153009.04551789412        3603569.8263725396        21832.920485437713        256114.41231503777        35100.905271484626        27.202847193606189     
   3.4635214562663581        144974.11178997401        3486525.2511574905        20514.569614507527        247447.95330575173        34662.422781478352        27.660707084589440     
   3.4937908559795576        137338.80127568595        3372876.4560210747        19261.663470629337        239031.39265846877        34224.880808853479        28.131093450980181     
   3.5244312300544713        130084.70901710556        3262543.7624395932        18071.192767026798        230859.45651783401        33788.388872943782        28.612695697402948     
   3.5554471250621700        123194.20013928947        3155448.7512160214        16940.292954978857        222926.89883631852        33353.053062821105        29.103884491373744     
   3.5868431432953867        116650.38019273432        3051514.2524936534        15866.242307476588        215228.50054964187        32918.975478039894        29.602671310381368     
   3.6186239434514307        110437.06658975779        2950664.3359661144        14846.460194525695        207759.06871174587        32486.253620352003        30.106667094019986     
   3.6507942413234633        104538.76108947843        2852824.3011820619        13878.505468594793        200513.43565776612        32054.979743728683        30.613041346291624     
   3.6833588105002573        98940.623291162497        2757920.6678526443        12960.074851235413        193486.45828414141        31625.240174418752        31.118483495454118     
   3.7163224830745198        93628.445103632592        2665881.1661235690        12089.001180426598        186673.01755174148        31197.114616623774        31.619168840714899     
   3.7496901503599052        88588.626154120328        2576634.7266668314        11263.251345373805        180068.01836407522        30770.675470691560        32.110731976805830     
   3.7834667636168122        83808.150114362259        2490111.4705913635        10480.923700296726        173666.38997431551        30345.987192992106        32.588251149723597     
   3.8176573347870773        79274.561914087579        2406242.6990253655        9740.2447185605124        167463.08712351930        29923.105741028539        33.046247506695799     
   3.8522669372376686        74975.945823865695        2324960.8823460499        9039.5646237328892        161453.09210647846        29502.078150606168        33.478703579980731     
   3.8873007065135008        70900.904386740047        2246199.6489896397        8377.3517245001476        155631.41798176078        29082.942302801544        33.879105489700841     
   3.9227638410994730        67038.538180936448        2169893.7737835320        7752.1851895695672        149993.11312031699        28665.726941471883        34.240513153157828     
   3.9586616031918389        63378.426400452779        2095979.1659231880        7162.7460374843704        144533.26726404595        28250.452005689600        34.555662111623420     
   3.9949993194790485        59910.608224360294        2024392.8562560971        6607.8061838480144        139247.01916442942        27837.129330332809        34.817099366281575     
   4.0317823819321390        56625.564976720612        1955072.9847903447        6086.2155088320305        134129.56586152111        27425.763772986862        35.017353652529977     
   4.0690162486048296        53514.202967099940        1887958.7856139182        5596.8870283822025        129176.17328279959        27016.354756752542        35.149138243441165     
   4.1067064444434092        50567.837140102201        1822990.5757189572        5138.7805079389573        124382.18829217256        26608.898313667247        35.205580713876564     
   4.1448585621065561        47778.175066474840        1760109.7299759150        4710.8848786809103        119743.05060569766        26203.389333142088        35.180472237546347     
   4.1834782627952096        45137.303089171364        1699258.7097425142        4312.2006399811689        115254.30838437920        25799.824797127312        35.068521068169510     
   4.2225712770926007        42637.677400445878        1640381.1631164846        3941.7230679493468        110911.63929271529        25398.207121652693        34.865603556590301     
   4.2621434058145873        40272.165091201234        1583423.4721061555        3598.4356122535023        106710.97164749350        24998.561965764366        34.568969694185206     
   4.3022005208704108        38034.346739365079        1528343.1469939975        3281.3420919778100        102649.10387943777        24601.011317930966        34.177459841971547     
   4.3427485661339951        35916.723096257476        1475061.6018488053        2989.1849089389939        98720.298366256073        24205.376633628068        33.691655572069017     
   4.3837935583259275        33913.398778949217        1423534.9802945564        2720.8577698661916        94921.399695231143        23811.773638499191        33.113786314101418     
   4.4253415879062530        32018.519873162437        1373713.9493508281        2475.1609345298116        91248.928885624497        23420.282146621641        32.447831690719603     
   4.4673988199782073        30226.494453008083        1325549.7540766026        2250.8418387793317        87699.514405671638        23030.997347795728        31.699391865236009     
   4.5099714952030228        28531.896869962660        1278991.3288056597        2046.5906856019055        84269.682895311154        22643.994789550525        30.875513294966748     
   4.5530659307259489        26929.796234846770        1233996.2749114085        1861.1032076328834        80956.616252281936        22259.452715338546        29.984444399867261     
   4.5966885211136237        25414.911552794249        1190502.7523062795        1692.9736921774586        77756.182150229055        21877.315740545338        29.035329638510486     
   4.6408457393029323        23983.747015206758        1148504.5526148686        1541.0166977807555        74668.115863656552        21498.225350279576        28.038064973090187     
   4.6855441375614877        22629.053250665540        1107850.3043819855        1403.5196845780340        71682.186403464337        21120.906671246110        27.002270142258055     
   4.7307903484598963        21345.450663705247        1068420.5493843534        1279.0001469216522        68790.852591483155        20743.980235679566        25.938538202325450     
   4.7764507604017741        20125.452536888828        1029951.9445804883        1165.6557625484390        65977.769463457123        20363.024183733887        24.858141947586056     
   4.8222497988255366        18997.987292947222        993718.03599811275        1066.1848253919809        63329.700098244197        19997.116679727595        23.783728671544004     
   4.8680488372492992        17907.805592385666        957446.85515719873        973.24939246784118        60695.238753699836        19611.066591190538        22.705553814995309     
   4.9138478756730617        16855.513016839042        921137.78913419484        886.79565605949585        58076.271477047856        19203.041066828780        21.626064643609084     
