  0.99980701125948346        923054313415.32239        22609931.906174134        76894081705.974045        28992802.022360217        2129.7417767078136        4.7446228214382016     
   1.0000000000000000        923053443382.42712        23479963.310131025        76893094080.950073        29980274.763919048        2282.0588343140785        5.0828530329943948     
   1.0001929887405165        834850133636.70496        23913911.795269743        69542425562.323547        30408862.688644972        2590.7745775892813        5.4170136182694844     
   1.0003859774810331        723425757987.29895        20532463.528385885        60261102208.187714        26086355.609702341        2066.0429821333792        5.3764111473819884     
   1.0005789662215496        636087084596.33081        20193996.795945276        52983190832.479279        25746285.470625073        2552.8143855504250        5.6049189684465279     
   1.0007719549620662        571381127317.61841        20744574.529605906        47590530055.045395        26289492.708211519        2919.4554507591433        6.2022726975705691     
   1.0009649437025827        521767387673.16101        21009495.678577207        43455833470.492622        26529543.214456856        3242.6013812623364        6.4607254662332423     
   1.0011579324430993        481389463868.24823        21344916.724008240        40090717044.005577        26846613.928411342        3580.4178415777828        6.7400383084755076     
   1.0013509211836158        447217602135.51685        21625500.063857645        37242824707.840607        27106857.839916300        3921.1218166937961        6.9748753394512804     
   1.0015439099241323        417766277489.30096        21889427.086823069        34788331950.473633        27344221.978293739        4264.4910365083861        7.2073374429739321     
   1.0017368986646489        392135343435.24365        22131434.822163850        32652230720.524490        27554112.177200694        4609.1567993622184        7.4293556406764374     
   1.0019298874051654        369632311848.83527        22362009.647051577        30776803242.018372        27747833.849083520        4955.7265202554663        7.6476623196280675     
   1.0021228761456820        349699913296.80731        22581005.859532788        29115609965.852600        27925805.633934125        5303.7577921111888        7.8616800524795494     
   1.0023158648861985        331899162669.99597        22789628.259820867        27632067132.185143        28089795.616399169        5653.1107262077367        8.0725491089354815     
   1.0025088536267150        315887886550.29083        22988226.135122892        26297659398.503349        28240723.948791917        6003.6093471459071        8.2804659489479615     
   1.0027018423672316        301396504183.45508        23177653.161131945        25089920379.258949        28379984.683512330        6355.2265902785985        8.4858506334750903     
   1.0028948311077481        288208998499.83685        23358685.458673697        23990847474.522030        28508820.202388246        6707.9620379491771        8.6889649321606282     
   1.0030878198482647        276149636783.26495        23532093.308394205        22985795194.746082        28628391.055622321        7061.8460453134176        8.8900582589444301     
   1.0032808085887812        265073748191.65979        23698559.368278679        22062706688.066090        28739702.638866667        7416.9148115544112        9.0893259633452264     
   1.0034737973292978        254861034198.83133        23858699.825518612        21211556245.312294        28843638.086559750        7773.2097753736934        9.2869370239901645     
   1.0036667860698143        245410562821.80328        24013062.653049026        20423932144.785172        28940966.225504782        8130.7724996710849        9.4830343377887907     
   1.0038597748103308        236636955506.90662        24162136.525730155        19692718876.307934        29032358.639283575        8489.6433942315780        9.6777420855292320     
   1.0040527635508476        228467449693.48245        24306356.134695210        19011852342.992516        29118401.661646388        8849.8602046448468        9.8711684693105060     
   1.0042457522913641        220839611054.83649        24446108.639901407        18376129203.450428        29199608.361278377        9211.4574819182380        10.063408770471321     
   1.0044387410318807        213699532582.07584        24581739.251586232        17781056785.700539        29276428.655141007        9574.4662706848412        10.254547373778877     
   1.0046317297723972        207000402465.05984        24713556.420920737        17222733735.680817        29349258.204038426        9938.9140813406357        10.444659497364377     
   1.0048247185129138        200701354677.69113        24841836.377053987        16697754225.137821        29418445.970710162        10304.824972078433        10.633812531548692     
   1.0050177072534303        194766538617.85736        24966827.113903772        16203130415.920135        29484300.674706910        10672.219714766243        10.822067140300749     
   1.0052106959939469        189164360180.70453        25088751.852638721        15736229210.583971        29547096.273035679        11041.115997911556        11.009478158253678     
   1.0054036847344634        183866858197.51868        25207812.047881883        15294720284.687153        29607076.622253545        11411.528648212286        11.196095336978377     
   1.0055966734749799        178849188644.43112        25324189.991166659        14876533100.345320        29664459.444001786        11783.469855594149        11.381963965996011     
   1.0057896622154965        174089195300.83728        25438051.067838367        14479821124.658951        29719439.705397427        12156.949393708879        11.567125398910449     
   1.0059826509560130        169567050259.87576        25549545.710350592        14102931869.468109        29772192.501973420        12531.974829518085        11.751617497763840     
   1.0061756396965296        165264951266.76019        25658811.093184635        13744381667.323069        29822875.524125788        12908.551719573774        11.935475015682428     
   1.0063686284370461        161166865590.26624        25765972.603499372        13402834325.336342        29871631.170094986        13286.683791541675        12.118729922601696     
   1.0065616171775629        157258312223.26944        25871145.124485318        13077082973.550333        29918588.365911987        13666.373112376832        12.301411690795589     
   1.0067546059180803        153526175832.20346        25974434.153851330        12766034559.288534        29963864.133718036        14047.620241690616        12.483547540634625     
   1.0069475946586002        149958547142.00870        26075936.783930406        12468696544.528646        30007564.949583635        14430.424371720874        12.665162658046496     
   1.0071405833991305        146544585433.82529        26175742.560931049        12184165446.447580        30049787.921859503        14814.783457424477        12.846280379653365     
   1.0073335721397023        143274399646.44772        26273934.243961629        11911616928.088959        30090621.818018213        15200.694329295840        13.026922373760268     
   1.0075265608804398        140138945136.83682        26370588.461346239        11650297194.280870        30130147.951543082        15588.152809570003        13.207108749909212     
   1.0077195496218394        137129933860.52583        26465776.333117664        11399515505.895758        30168440.991037827        15977.153791985676        13.386858292694050     
   1.0079125383658891        134239755581.16483        26559563.922103502        11158637613.437021        30205569.593540322        16367.691404685758        13.566188299005436     
   1.0081055271205381        131461409539.94873        26652012.993222684        10927080061.915123        30241597.258648328        16759.759039911660        13.745115414356048     
   1.0082985159175841        128788442226.82298        26743180.996405177        10704305005.150034        30276582.547758251        17153.350061633519        13.923653704548324     
   1.0084915048842189        126214897627.27492        26833124.043236878        10489816056.864389        30310581.848925866        17548.458206388452        14.101819992622323     
   1.0086844945292077        123735256370.55013        26921894.848678157        10283153220.955122        30343648.128185011        17945.083342985843        14.279619528463286     
   1.0088774868876142        121344416749.64542        27009565.450240675        10083891291.174473        30375851.391893297        18343.239500364114        14.457085410452189     
   1.0090704900996903        119037538230.47978        27096210.802489400        9891626821.3527393        30407266.124727681        18742.997942726066        14.634185735507327     
   1.0092635367264455        116810099396.96477        27182048.393723529        9705982846.6401691        30438090.413445592        19144.515093821130        14.811176278878676     
   1.0094567570119168        114656655718.64941        27266990.472221602        9526505769.9279404        30468203.138301775        19547.850090379383        14.988336597493200     
   1.0096506719322513        112567586132.91225        27350972.087829757        9352393980.7616482        30497452.961848114        19954.150260664002        15.165632920256572     
   1.0098461827806329        110530788238.43388        27435206.178768765        9182638103.1736927        30526780.737743810        20366.246761647573        15.344275194064528     
   1.0100439382900885        108538137073.24991        27520454.169876773        9016560648.0070286        30556657.452759087        20785.594532165302        15.525591349145516     
   1.0102441174427146        106586734686.68605        27605964.973923884        8853920869.7048378        30586270.785760205        21211.580571834307        15.709157800232409     
   1.0104467499420895        104675494056.82928        27691376.582435768        8694628472.8959465        30615300.926162213        21644.064143319501        15.894538227997225     
   1.0106518658558312        102803362130.34332        27776898.592225749        8538595501.1489553        30643966.883192770        22083.438727258603        16.081925792809496     
   1.0108594956200589        100969269498.90274        27862586.739113711        8385732786.3394756        30672323.939450562        22529.862092197320        16.271395128840350     
   1.0110696700439095        99172227846.290497        27948448.898594782        8235957960.1465549        30700381.287683468        22983.436440808764        16.462960230128200     
   1.0112824203141091        97411374033.428375        28034523.264998052        8089199057.2231169        30728179.064297110        23444.291243797943        16.656648422398142     
   1.0114977779996004        95685952667.613251        28120867.301451061        7945393073.2868176        30755776.816505454        23912.569164813376        16.852486683552410     
   1.0117157750562282        93995228804.149017        28207540.690750543        7804478708.0256500        30783234.287281137        24388.416660617513        17.050503358590664     
   1.0119364438314795        92338389676.209000        28294576.293946508        7666388203.6551228        30810581.281031661        24871.964890288084        17.250721857070289     
   1.0121598170692847        90714506319.796097        28381967.986714557        7531044157.7485266        30837805.992164180        25363.322987132695        17.453160831083490     
   1.0123859279148750        89122576893.664154        28469680.251245789        7398363122.3926868        30864866.474085189        25862.584489107740        17.657837090770354     
   1.0126148099197028        87561611032.292694        28557671.109378204        7268262610.8604469        30891715.392428625        26369.841854038554        17.864770059073287     
   1.0128464970464177        86030696547.772491        28645911.619585682        7140666637.5125189        30918320.221581947        26885.198061890344        18.073984188563280     
   1.0130810236739081        84529018985.015152        28734392.626534849        7015507341.6602526        30944669.513253417        27408.769757764530        18.285508517321425     
   1.0133184246024005        83055843526.446167        28823120.369768474        6892723484.6402302        30970767.547803041        27940.683455558737        18.499374432595371     
   1.0135587350586259        81610485584.669113        28912108.296322286        6772258007.3880777        30996625.408333153        28481.069905785847        18.715613464149360     
   1.0138019907010445        80192289244.800186        29001370.928932048        6654056239.9313545        31022254.583169311        29030.060379726936        18.934256120557620     
   1.0140482276251381        78800617959.827576        29090921.402464997        6538065128.1299877        31047664.577291083        29587.785608322236        19.155331754071646     
   1.0142974823687660        77434852997.198257        29180771.420548841        6424233104.1336250        31072863.052667577        30154.376239613783        19.378868921664772     
   1.0145497919175868        76094394218.980026        29270931.941537775        6312510150.5755329        31097856.660991400        30729.963558378036        19.604895779100165     
   1.0148051937105456        74778660475.220963        29361413.694697734        6202847832.8152103        31122651.638212342        31314.679900246483        19.833440326379932     
   1.0150637256454302        73487089218.429092        29452227.385967936        6095199266.6102085        31147254.042884920        31908.658758839298        20.064530518085590     
   1.0153254260844953        72219135769.232681        29543383.745626554        5989519056.8093262        31171669.816468623        32512.034759908194        20.298194309792830     
   1.0155903338601533        70974272577.289658        29634893.546677869        5885763235.8151531        31195904.809001997        33124.943619644757        20.534459684154982     
   1.0158584882807373        69751988576.721375        29726767.640378293        5783889209.7482719        31219964.817974273        33747.522118874629        20.773354678463569     
   1.0161299291363335        68551788615.855385        29819017.002594829        5683855710.9838400        31243855.636640057        34379.908082959490        21.014907409174974     
   1.0164046967046858        67373192933.958366        29911652.787895389        5585622754.4019051        31267583.106079757        35022.240360498472        21.259146101574963     
   1.0166828317571726        66215736674.552872        30004686.384899210        5489151596.8398180        31291153.167267196        35674.658793701026        21.506099119033220     
   1.0169643755648556        65078969436.800125        30098129.478892632        5394404699.6036062        31314571.917589221        36337.304184250032        21.755795000616622     
   1.0172493699046055        63962454866.428474        30191994.120994952        5301345694.3843384        31337845.672754291        37010.318251950303        22.008262504737171     
   1.0175378570652993        62865770287.566788        30286292.808362149        5209939352.4913788        31360981.036925882        37693.843587372947        22.263530664831446     
   1.0178298798540968        61788506375.288979        30381038.574944735        5120151557.5211201        31383984.981561262        38388.023595511724        22.521628856302875     
   1.0181254816027909        60730266869.766136        30476245.096572004        5031949281.3739252        31406864.935012396        39093.002429910957        22.782586880121286     
   1.0184247061742397        59690668332.028976        30571926.810442630        4945300563.8599033        31429628.884339061        39808.924914890093        23.046435063631581     
   1.0187275979688728        58669339942.838768        30668099.053039085        4860174495.8333597        31452285.491474498        40535.936454458053        23.313204384760436     
   1.0190342019312810        57665923345.404381        30764778.217076216        4776541205.9886370        31474844.224509884        41274.182923571519        23.582926619743322     
   1.0193445635568845        56680072533.315651        30861981.932446718        4694371851.3651352        31497315.507515315        42023.810540781735        23.855634523541557     
   1.0196587288986849        55711453784.577644        30959729.271102078        4613638611.7155199        31519710.889129356        42784.965715287348        24.131362042299873     
   1.0199767445740981        54759745643.262939        31058040.982259665        4534314687.7324409        31542043.233917847        43557.794867310491        24.410144569092523     
   1.0202986577718709        53824638949.118698        31156939.758013442        4456374303.4098282        31564326.937770575        44342.444214003481        24.692019244940276     
   1.0206245162590846        52905836916.717606        31256450.535355091        4379792712.3931580        31586578.169956762        45139.059516004017        24.977025315131943     
   1.0209543683882421        52003055264.238853        31356600.836490393        4304546208.4717798        31608815.143686272        45947.785775924945        25.265204546576143     
   1.0212882631044422        51116022391.997795        31457421.152135465        4230612140.2006416        31631058.418098092        46768.766881490534        25.556601717144670     
   1.0216262499526436        50244479610.393631        31558945.370226815        4157968929.5084014        31653331.231953055        47602.145180076521        25.851265183602912     
   1.0219683790850154        49388181414.567200        31661211.253780842        4086596094.4107203        31675659.873560678        48448.060978155285        26.149247542061417     
   1.0223147012683793        48546895804.708862        31764260.970701832        4016474275.2096682        31698074.084078770        49306.651944652083        26.450606388566527     
   1.0226652678917434        47720404646.074951        31868141.676466126        3947585264.1770387        31720607.497243773        50178.052406984447        26.755405193217907     
   1.0230201309739266        46908504063.346214        31972906.151197661        3879912037.9691515        31743298.112806335        51062.392518120112        27.063714298747314     
   1.0233793431712774        46111004860.120941        32078613.489473112        3813438792.1508784        31766188.801712565        51959.797273598284        27.375612055345613     
   1.0237429577854882        45327732952.031387        32185329.839638490        3748150976.8090696        31789327.837937485        52870.385352442827        27.691186102317566     
   1.0241110287715030        44558529798.037979        32293129.186168198        3684035332.0145721        31812769.449964784        53794.267753632790        28.010534805840940     
   1.0244836107455253        43803252810.379356        32402094.165124178        3621079921.5006213        31836574.381589394        54731.546195951509        28.333768860230251     
   1.0248607589931211        43061775718.937500        32512316.897664234        3559274162.5241733        31860810.447499514        55682.311244464960        28.661013055595674     
   1.0252425294774232        42333988859.932266        32623899.820793211        3498608849.4778180        31885553.065321382        56646.640125477250        28.992408210386355     
   1.0256289788474342        41619799353.085228        32736956.487905703        3439076168.2438478        31910885.739950873        57624.594188656250        29.328113259219890     
   1.0260201644464335        40919131125.088272        32851612.304294683        3380669697.7740064        31936900.470713727        58616.215974717488        29.668307479564994     
   1.0264161443204851        40231924730.105049        32968005.151592530        3323384394.9391952        31963698.045333233        59621.525848657067        30.013192823791719     
   1.0268169772270521        39558136912.724358        33086285.849856693        3267216557.9848528        31991388.179284491        60640.518166791197        30.362996315689944     
   1.0272227226437145        38897739852.849487        33206618.391531754        3212163763.6860356        32020089.451715976        61673.156951848694        30.717972444246950     
   1.0276334407769947        38250720028.608620        33329179.876464654        3158224772.9214058        32049928.986883376        62719.371076307507        31.078405473977870     
   1.0280491925712916        37617076632.617043        33454160.067425020        3105399399.3028283        32081041.825282589        63779.048975854661        31.444611562925935     
   1.0284700397179241        36996819479.819382        33581760.482400581        3053688335.7267556        32113569.929913141        64852.032956513227        31.816940556380935     
   1.0288960446642841        36389966352.648331        33712192.939665787        3003092934.4363413        32147660.778538790        65938.113212703916        32.195777299750254     
   1.0293272706231043        35796539743.574013        33845677.479007974        2953614937.2898679        32183465.502832793        67037.021739313786        32.581542291934404     
   1.0297637815818370        35216562976.696098        33982439.598022491        2905256154.6328306        32221136.551828936        68148.426398914453        32.974691484717845     
   1.0302056423121484        34650055718.459854        34122706.767177500        2858018093.7326078        32260824.883304577        69271.925499324352        33.375715028722915     
   1.0306529183795310        34097028925.142651        34266704.226181060        2811901540.6385059        32302676.718370803        70407.043330290966        33.785134779578357     
   1.0311056761530322        33557479318.245541        34414650.110918283        2766906103.0045748        32346829.933027580        71553.227194901265        34.203500407788567     
   1.0315639828151018        33031383527.253078        34566750.020192124        2723029725.3655853        32393410.204336766        72709.846542747808        34.631384015990633     
   1.0320279063715607        32518692088.377892        34723191.196704045        2680268192.5122199        32442527.073735423        73876.194845110120        35.069373256073561     
   1.0324975156616940        32019323534.154606        34884136.562998518        2638614640.2530742        32494270.127508365        75051.494822743203        35.518063049406088     
   1.0329728803684628        31533158844.749130        35049718.915139876        2598059096.0173783        32548705.526939891        76234.907547151510        35.978046156578884     
   1.0334540710288467        31060036553.701038        35220035.621261492        2558588073.4056921        32605873.130940240        77425.545746499483        36.449902984134155     
   1.0339411590443082        30599748801.527515        35395144.196493477        2520184244.9985094        32665784.448795039        78622.491388920316        36.934191164352278     
   1.0344342166913889        30152038607.960869        35575059.114083312        2482826215.7579966        32728421.624693025        79824.817267688952        37.431435549755598     
   1.0349333171324351        29716598585.065144        35759750.169102386        2446488415.4735141        32793737.601105712        81031.611939300201        37.942119334331807     
   1.0354385344264514        29293071242.275211        35949142.626635663        2411141122.7664208        32861657.527063120        82242.006975279859        38.466677001095434     
   1.0359499435400927        28881050944.871948        36143119.274146095        2376750625.7865305        32932081.386417534        83455.205162183091        39.005489714320980     
   1.0364676203587864        28480087487.921028        36341524.361043587        2343279516.6202178        33004887.725475952        84670.508055609549        39.558883609250614     
   1.0369916416979927        28089691148.475262        36544169.267155729        2310687108.1607261        33079938.271000538        85887.341210578335        40.127131205122332     
   1.0375220853146037        27709338989.890247        36750839.610396631        2278929954.7751594        33157083.159839328        87105.275492645771        40.710455904467636     
   1.0380590299184811        27338482121.402466        36961303.396051452        2247962452.4364538        33236166.460802559        88324.043126766745        41.309039277596320     
   1.0386025551841354        26976553572.103245        37175319.742756650        2217737490.1123781        33317031.656623170        89543.547520757478        41.923030599173273     
   1.0391527417625481        26622976421.826782        37392647.695067368        2188207122.9296193        33399526.775479402        90763.866376381658        42.552557937164998     
   1.0397096712931400        26277171842.976841        37613054.652890205        2159323238.5383687        33483508.908806294        91985.248103502585        43.197740007586887     
   1.0402734264158839        25938566743.086525        37836324.008380853        2131038190.9097471        33568847.917982325        93208.102021824423        43.858698008163287     
   1.0408440907835681        25606600750.790493        38062261.668379612        2103305380.2926829        33655429.210985266        94432.983229998717        44.535566721650362     
   1.0414217490742099        25280732352.283180        38290701.246414386        2076079763.2318654        33743155.547072113        95660.573296133894        45.228504315041420     
   1.0420064870036183        24960444052.869961        38521507.816881672        2049318282.1669865        33831947.898909733        96891.658072926439        45.937700431834308     
   1.0425983913381154        24645246503.279640        38754580.225617401        2022980209.5006332        33921745.459420197        98127.103963534944        46.663382355451510     
   1.0431975499074095        24334681588.105717        38989852.037308089        1997027405.7986565        34012504.922171175        99367.833880517923        47.405819192089673     
   1.0438040516176288        24028324521.202850        39227291.265947662        1971424495.6915047        34104199.187940702        100614.80397440583        48.165324164236146     
   1.0444179864645127        23725785028.393482        39466899.077898413        1946138968.0601859        34196815.659065492        101868.98199693528        48.942255215437712     
   1.0450394455467666        23426707721.921440        39708707.678986199        1921141209.0392389        34290354.276527978        103131.32792527667        49.737014193849106     
   1.0456685210795800        23130771784.313324        39952777.602316119        1896404477.5519586        34384825.441264190        104402.77724851757        50.550044921618344     
   1.0463053064083081        22837690083.811058        40199194.600292690        1871904833.4111662        34480247.936252668        105684.22709820922        51.381830452025127     
   1.0469498960223249        22547207840.477291        40448066.326256014        1847621027.9004908        34576646.944639780        106976.52524207992        52.232889807326927     
   1.0476023855690426        22259100954.720741        40699518.961012602        1823534366.0155315        34674052.229056381        108280.46180602112        53.103774443357118     
   1.0482628718681042        21973174098.390232        40953693.911728315        1799628548.7400537        34772496.517266296        109596.76350493115        53.995064652645624     
   1.0489314529257519        21689258655.949909        41210744.678543426        1775889502.6033769        34872014.115281664        110926.09008895328        54.907366062910860     
   1.0496082279493675        21407210589.530071        41470833.957696661        1752305202.6885617        34972639.753805391        112269.03268666251        55.841306347588926     
   1.0502932973621941        21126908288.477333        41734131.023455054        1728865494.1304791        35074407.658797167        113626.11371263539        56.797532218342845     
   1.0509867628182381        20848250451.486179        42000809.411582321        1705561916.1601603        35177350.829460487        114997.78802474844        57.776706739601025     
   1.0516887272173518        20571154038.312054        42271044.908198304        1682387531.7864752        35281500.498922303        116384.44503312612        58.779506970197495     
   1.0523992947205041        20295552318.255970        42545013.837135963        1659336765.3988721        35386885.751220852        117786.41149984616        59.806621920971189     
   1.0531185707652342        20021393034.233643        42822891.627117828        1636405249.9124403        35493533.266658589        119203.95480107231        60.858750796926920     
   1.0538466620812983        19748636694.400784        43104851.635482714        1613589684.4518807        35601467.168408416        120637.28646049430        61.936601484289412     
   1.0545836767065064        19477254997.644497        43391064.200744353        1590887703.1354342        35710708.945583157        122086.56579865917        63.040889236618078     
   1.0553297240027539        19207229394.764969        43681695.894126788        1568297755.1373842        35821277.430330515        123551.90357442494        64.172335510047432     
   1.0560849146722480        18938549783.793537        43976908.941159666        1545818995.8925924        35933188.809590802        125033.36552381984        65.331666899465262     
   1.0568493607739358        18671213335.178188        44276860.784174569        1523451189.1269934        36046456.655570805        126530.97572751337        66.519614127947960     
   1.0576231757401311        18405223440.765594        44581703.759152941        1501194619.2122622        36161091.961868502        128044.71975914278        67.736911045726714     
   1.0584064743933468        18140588779.242077        44891584.862224676        1479050013.2247505        36277103.174478307        129574.54758212781        68.984293597049302     
   1.0591993729633318        17877322489.771873        45206645.583766080        1457018472.0527871        36394496.210360855        131120.37618041597        70.262498719449127     
   1.0600019891043189        17615441445.253349        45527021.790344417        1435101409.8179858        36513274.457158811        132682.09191517785        71.572263140743743     
   1.0608144419124823        17354965616.382755        45852843.638160817        1413300500.8987014        36633438.750787117        134259.55261279552        72.914322047212053     
   1.0616368519436097        17095917517.908899        46184235.502761230        1391617633.8200688        36754987.327415213        135852.58938936633        74.289407593913907     
   1.0624693412309909        16838321728.600294        46521315.913756244        1370054871.3240654        36877915.749391682        137461.00822872767        75.698247238150842     
   1.0633120333035266        16582204476.993969        46864197.483950518        1348614415.9358442        37002216.803619526        139084.59132582037        77.141561873110319     
   1.0641650532040567        16327593285.287354        47212986.825223245        1327298580.4133816        37127880.373359464        140723.09821642272        78.620063746821117     
   1.0650285275079159        16074516664.449503        47567784.444942020        1306109762.4833870        37254893.283649504        142376.26670928256        80.134454150459092     
   1.0659025843417149        15823003854.056543        47928684.617838725        1285050423.3308163        37383239.121403567        144043.81363914040        81.685420862357205     
   1.0667873534023533        15573084601.001871        48295775.230674900        1264123069.3451998        37512898.031624235        145725.43545879793        83.273635337952825     
   1.0676829659762643        15324788971.761457        48669137.596975677        1243330236.6890256        37643846.491106056        147420.80868643348        84.899749635123868     
   1.0685895549588948        15078147193.478266        49048846.241131358        1222674478.2829266        37776057.061153837        149129.59022356692        86.564393067405405     
   1.0695072548744262        14833189519.630867        49434968.651739545        1202158352.8575921        37909498.121098980        150851.41755810232        88.268168579506508     
   1.0704362018957356        14589946116.574253        49827565.004716426        1181784415.7587211        38044133.584144145        152585.90886429060        90.011648839953352     
   1.0713765338646013        14348446967.685514        50226687.857775286        1161555211.2348106        38179922.597534679        154332.66301160425        91.795372049472377     
   1.0723283903121568        14108721792.272434        50632381.817887142        1141473265.9663477        38316819.228551634        156091.25949098918        93.619837463101604     
   1.0732919124795954        13870799976.815027        51044683.184901878        1121541083.6288936        38454772.138429113        157861.25826742270        95.485500629770101     
   1.0742672433391272        13634710516.407717        51463619.573277205        1101761140.3244760        38593724.245940864        159642.19956520470        97.392768350924428     
   1.0752545276151955        13400481964.659731        51889209.516424708        1082135880.7115147        38733612.382551357        161433.60359103294        99.341993367030895     
   1.0762539118059502        13168142390.492977        52321462.056239545        1062667714.7273771        38874366.941318475        163234.97020003191        101.33346877961267     
   1.0772655442049877        12937719340.603033        52760376.322535664        1043359014.7798965        39015911.521486990        165045.77850750234        103.36742222224477     
   1.0782895749233532        12709239806.513439        53205941.106195726        1024212113.3238775        39158162.570945904        166865.48644872467        105.44400979545181     
   1.0793261559118177        12482730195.355619        53658134.430540316        1005229300.7445084        39301029.028774433        168693.53028835746        107.56330978473751     
   1.0803754409834221        12258216303.619600        54116923.125242978        986412823.49650073        39444411.970627554        170529.32408249046        109.72531618512551     
   1.0814375858363032        12035723293.346163        54582262.407712549        967764882.43166232        39588204.258881815        172372.25909150988        111.92993205777658     
   1.0825127480767964        11815275670.245346        55054095.476486079        949287631.28334451        39732290.200499378        174221.70314596783        114.17696275006423     
   1.0836010872428214        11596897263.366095        55532353.121378586        930983175.27406442        39876545.215347469        176076.99996616240        116.46610901395013     
   1.0847027648275553        11380611206.025938        56016953.355224043        912853569.81717396        40020835.517750420        177937.46843577898        118.79696006159527     
   1.0858179443033964        11166439917.785549        56507801.072058491        894900819.28157067        40165017.813816302        179802.40182844360        121.16898660052944     
   1.0869467911462209        10954405087.209826        57004787.736144438        877126875.82282782        40308939.018542007        181671.06699311241        123.58153389830002     
   1.0880894728599368        10744527655.382265        57507791.106939115        859533638.24214923        40452435.994729228        183542.70349440625        126.03381492585449     
   1.0892461590013389        10536827799.990561        58016675.003865547        842122950.87716806        40595335.317461886        185416.52271299509        128.52490363563891     
   1.0904170212052688        10331324919.923306        58531289.115879498        824896602.51529408        40737453.067715824        187291.70691015798        131.05372843628942     
   1.0916022332100825        10128037620.381744        59051468.859492809        807856325.30906403        40878594.657303162        189167.40825475910        133.61906592196706     
   1.0928019708834309        9926983698.3885975        59577035.289354332        791003793.70660377        41018554.689691544        191042.74782308706        136.21953492662701     
   1.0940164122483562        9728180128.7471161        60107795.065115340        774340623.38086724        41157116.859206453        192916.81457268100        138.85359096892950     
   1.0952457375097069        9531643050.4250755        60643540.477797575        757868370.15490901        41294053.891808636        194788.66429590312        141.51952115733334     
   1.0964901290808786        9337387753.3634148        61184049.539068028        741588528.92647016        41429127.531052597        196657.31856186071        144.21543962913293     
   1.0977497716108802        9145428665.7413139        61729086.135642529        725502532.58563554        41562088.571659744        198521.76365134129        146.93928359173617     
   1.0990248520117343        8955779341.6955204        62278400.251886301        709611750.92904496        41692676.944238141        200380.94949573948        149.68881004181821     
   1.1003155594862115        8768452449.5587635        62831728.262047380        693917489.56646848        41820621.853154466        202233.78862525366        152.46159322851500     
   1.1016220855559049        8583459760.6288738        63388793.294350520        678420988.81916845        41945641.970287986        204079.15513661169        155.25502293131385     
   1.1029446240896501        8400812138.4909782        63949305.667738892        663123422.62047994        42067445.687208764        205915.88369174392        158.06630361773728     
   1.1042833713322908        8220519528.9737072        64512963.402727544        648025897.40716362        42185731.427022316        207742.76855353944        160.89245454072972     
   1.1056385259338002        8042590950.7488937        65079452.806572489        633129451.01324475        42300188.017926238        209558.56267110069        163.73031083264272     
   1.1070102889787568        7867034486.6350679        65648449.133295044        618435051.56379426        42410495.129454173        211361.97682308056        166.57652564582330     
   1.1083988640161826        7693857275.6418543        66219617.318316743        603943596.37529361        42516323.772353776        213151.67882955546        169.42757338293671     
   1.1098044570897467        7523065505.8086119        66792612.787562437        589655910.86442506        42617336.862433985        214926.29284142927        172.27975405265332     
   1.1112272767683391        7354664407.8944845        67367082.340458572        575572747.46532845        42713189.847927608        216684.39871403185        175.12919877565463     
   1.1126675341770185        7188658249.9331274        67942665.105977386        561694784.56910777        42803531.400556125        218424.53147694099        177.97187646104743     
   1.1141254430283414        7025050332.7403631        68518993.571064800        548022625.47891903        42888004.168302655        220145.18090192330        180.80360165670800     
   1.1156012196540728        6863842986.3723812        69095694.680273786        534556797.39654857        42966245.589181311        221844.79117967846        183.62004357313756     
   1.1170950830372870        6705037567.6153221        69672391.005966604        521297750.43628764        43037888.763125315        223521.76070552983        186.41673626366457     
   1.1186072548448616        6548634458.5112810        70248701.987754419        508245856.67990416        43102563.379905120        225174.44198037224        189.18908993622512     
   1.1201379594603686        6394633065.9715643        70824245.240803242        495401409.27136940        43159896.699431479        226801.14162559644        191.93240335836063     
   1.1216874240173706        6243031822.4964828        71398637.932107925        482764621.56255585        43209514.581040502        228400.12051325128        194.64187730717393     
   1.1232558784331239        6093828188.0247402        71971498.224271581        470335626.31430435        43251042.557354420        229969.59400841416        197.31262900300206     
   1.1248435554426937        5947018652.9320889        72542446.786970332        458114474.95662093        43284106.947870903        231507.73231871019        199.93970745607598     
   1.1264506906334901        5802598742.1802626        73111108.375916049        446101136.91944379        43308336.007398844        233012.66094669860        202.51810964518791     
   1.1280775224802242        5660563020.6308098        73677113.480035678        434295499.03315198        43323361.103054054        234482.46123347597        205.04279743461362     
   1.1297242923802953        5520905099.5059891        74240100.037887186        422697365.01139253        43328817.914464161        235915.17098718879        207.50871513282308     
   1.1313912446896099        5383617644.0048580        74799715.224197745        411306455.01451761        43324347.649716608        237308.78517886013        209.91080757890586     
   1.1330786267588411        5248692382.0179644        75355617.308344170        400122405.30770952        43309598.271481827        238661.25669878192        212.24403864794255     
   1.1347866889701310        5116120113.9604683        75907477.586679623        389144768.00927532        43284225.725017034        239970.49715086812        214.50341004826777     
   1.1365156847742441        4985890723.6438646        76454982.390086293        378373010.94246352        43247895.161762059        241234.37767490011        216.68398028785646     
   1.1382658707281756        4857993190.1758013        76997835.169728383        367806517.58679920        43200282.150494926        242450.72977558407        218.78088368018805     
   1.1400375065332207        4732415600.8210688        77535758.661651835        357444587.13862425        43141073.868905798        243617.34614385516        220.78934925661866     
   1.1418308550735099        4609145164.7689371        78068497.132523969        347286434.67976153        43069970.268156864        244731.98145414420        222.70471945574815     
   1.1436461824550170        4488168227.7487526        78595818.706645325        337331191.45932150        42986685.203237377        245792.35312372862        224.52246845763767     
   1.1454837580450465        4369470287.4269218        79117517.773953438        327577905.28669095        42890947.521746799        246796.14202066563        226.23822003278346     
   1.1473438545122017        4253036009.5082145        79633417.477047458        318025541.03993434        42782502.104894660        247740.99311541070        227.84776478289504     
   1.1492267478668459        4138849244.4763942        80143372.273100272        308672981.28612232        42661110.853955664        248624.51607057758        229.34707665033486     
   1.1511327175020587        4026893044.8900361        80647270.563908428        299519027.01575625        42526553.616970934        249444.28577615929        230.73232858416233     
   1.1530620462350922        3917149683.1713657        81145037.384181842        290562398.48716664        42378629.050388388        250197.84284109913        231.99990725495240     
   1.1550150203493375        3809600669.8204007        81636637.133726761        281801736.17726487        42217155.411203623        250882.69406310201        233.14642671829537     
   1.1569919296368052        3704226771.9734254        82122076.334365681        273235601.84009010        42041971.277200066        251496.31291807018        234.16874094345181     
   1.1589930674411260        3601008032.2832637        82601406.386982441        264862479.66253972        41852936.192030013        252036.14011299828        235.06395512465849     
   1.1610187307010786        3499923788.0603838        83074726.296618670        256680777.51638842        41649931.234702043        252499.58427381673        235.82943571206155     
   1.1630692199946502        3400952690.6598163        83542185.326640487        248688828.30074272        41432859.513775036        252884.02285513747        236.46281911111333     
   1.1651448395836386        3304072725.1201334        84003985.533791274        240884891.36758238        41201646.587522537        253186.80337759404        236.96201900911666     
   1.1672458974588003        3209261230.0712719        84460384.126931757        233267154.02637750        40956240.813682437        253405.24512726866        237.32523230864371     
   1.1693727053855500        3116494917.9770498        84911695.581833944        225833733.12126586        40696613.633310936        253536.64147235648        237.55094365869891     
   1.1715255789502244        3025749895.8056254        85358293.433853686        218582676.67481643        40422759.795024343        253578.26297923914        237.63792859252484     
   1.1737048376069081        2937001686.2585263        85800611.659069180        211511965.59604833        40134697.528036438        253527.36153975510        237.58525530063400     
   1.1759108047248381        2850225249.7461381        86239145.543607384        204619515.44655517        39832468.673086733        253381.17574128901        237.39228508068490     
   1.1781438076363842        2765395007.3334765        86674451.930299431        197903178.26697576        39516138.783289894        253136.93774439686        237.05867153230724     
   1.1804041776856224        2682484864.9476557        87107148.721838683        191360744.46054086        39185797.206765890        252791.88194335459        236.58435857411078     
   1.1826922502775012        2601468239.1709914        87537913.511975631        184989944.73913345        38841557.165711246        252343.25571131316        235.96957738988903     
   1.1850083649276093        2522318085.0184331        87967481.209610268        178788452.13652015        38483555.846496031        251788.33253409388        235.21484242153846     
   1.1873528653125560        2445006926.1250720        88396640.518157393        172753884.09782761        38111954.516691841        251124.42784178650        234.32094655114366     
   1.1897260993209671        2369506887.8213301        88826229.132632196        166883804.65723729        37726938.684841923        250348.91783445075        233.28895562867581     
   1.1921284191051058        2295789733.5980506        89257127.522552937        161175726.71821120        37328718.318457700        249459.26157373478        232.12020251928999     
   1.1945601811331279        2223826905.4724679        89690251.178601220        155627114.45483947        36917528.134901285        248453.02657287099        230.81628085714235     
   1.1970217462419752        2153589568.7558541        90126541.218133718        150235385.85392496        36493627.977887340        247327.91805726875        229.37903870334245     
   1.1995134796909197        2085048661.6857119        90566953.267490447        144997915.41931552        36057303.289576702        246081.81198770017        227.81057230899262     
   1.2020357512157602        2018174950.3112118        91012444.570227221        139912037.06050134        35608865.684690833        244712.79183733489        226.11322018576726     
   1.2045889350836889        1952939088.9114842        91463959.308135569        134975047.18636745        35148653.628091805        243219.18898830083        224.28955767551363     
   1.2071734101488238        1889311686.0740981        91922412.168693513        130184208.02190508        34677033.211378351        241599.62646696906        222.34239219550236     
   1.2097895599084270        1827263376.3648336        92388670.244998604        125536751.16174181        34194399.016889282        239853.06556976421        220.27475930569662     
   1.2124377725598094        1766764897.2811165        92863533.415400639        121029881.36722578        33701175.049403697        237978.85474740545        218.08991970877139     
   1.2151184410579323        1707787170.9057970        93347713.414338782        116660780.60632545        33197815.706735104        235976.77991959910        215.79135723973340     
   1.2178319631737184        1650301389.3669548        93841811.876436830        112426612.32331236        32684806.750363462        233847.11518931729        213.38277784006408     
   1.2205787415530720        1594279102.8759530        94346297.705473095        108324525.91788745        32162666.228260029        231590.67273770255        210.86810944015212     
   1.2233591837766284        1539692308.7953367        94861484.191012949        104351661.39583081        31631945.291004941        229208.85049135890        208.25150258434090     
   1.2261737024202310        1486513539.8548768        95387506.359909296        100505154.14624108        31093228.834983401        226703.67601475088        205.53733154999074     
   1.2290227151161515        1434715949.3662577        95924299.108511448        96782139.785923630        30547135.898487128        224077.84496723066        202.73019561585835     
   1.2319066446150613        1384273391.0642674        96471576.707728177        93179759.002820313        29994319.732148733        221334.75241596228        199.83492004805109     
   1.2348259188487600        1335160491.0667906        97028814.304264978        89695162.324262232        29435467.463949483        218478.51531734908        196.85655629453098     
   1.2377809709936753        1287352709.4266908        97595232.054703578        86325514.729851276        28871299.280683186        215513.98457200741        193.80038081300668     
   1.2407722395351390        1240826388.8288989        98169782.519130468        83068000.031969577        28302567.055476833        212446.74524978106        190.67189192323042     
   1.2438001683324520        1195558788.2234287        98751141.908758521        79919824.947799027        27730052.361240081        209283.10384334039        187.47680405958442     
   1.2468652066847459        1151528099.5260758        99337705.722054482        76878222.798305616        27154563.826984383        206030.06177066866        184.22103883073061     
   1.2499678093976530        1108713446.0058017        99927589.219917253        73940456.778175265        26576933.813007943        202695.27476248317        180.91071234996130     
   1.2531084368507923        1067094861.5446637        100518633.07987043        71103822.758766755        25998014.405745346        199286.99825854658        177.55211840704337     
   1.2562875550660824        1026653250.6194247        101108414.43787941        68365651.600910217        25418672.758444358        195814.01944167912        174.15170718549976     
   1.2595056357768928        987370329.54947305        101694263.37659217        65723310.972608514        24839785.831112541        192285.57705394161        170.71605939807208     
   1.2627631564980422        949228550.25361323        102273284.75579788        63174206.685840078        24262234.610378772        188711.27063335094        167.25185590626324     
   1.2660606005966535        912211008.43106139        102842385.11366989        60715783.581730843        23686897.914019424        185100.96124021319        163.76584309064881     
   1.2693984573638797        876301338.67814934        103398304.20116512        58345526.007983647        23114645.905917060        181464.66609496702        160.26479444165747     
   1.2727772220875055        841483599.53647220        103937650.55529203        56060957.945481583        22546333.463843036        177812.44980281297        156.75546903496766     
   1.2761973961254427        807742151.83634615        104456940.37944150        53859642.847252525        21982793.551705584        174154.31496257189        153.24456771785657     
   1.2796594869801219        775061533.90542388        104952638.88473968        51739183.259056859        21424830.751808021        170500.09496280630        149.73868796637609     
   1.2831640083738001        743426337.26780307        105421203.16353738        49697220.292051710        20873215.109240461        166859.35164435388        146.24427846075935     
   1.2867114803247890        712821086.36445284        105859125.61846443        47731433.015188254        20328676.430198278        163241.28026597213        142.76759446275591     
   1.2903024292246170        683230125.58085895        106262976.95900154        45839537.830840804        19791899.160432082        159654.62387448855        139.31465506753207     
   1.2939373879161380        654637516.50344658        106629447.80363534        44019287.890276663        19263517.949451379        156107.59876949503        135.89120334197239     
   1.2976168957725991        627026947.86505032        106955387.98705888        42268472.595901057        18744113.981491461        152607.83228909867        132.50267025354793     
   1.3013414987776724        600381660.10372198        107237842.76406179        40584917.227925234        18234212.128165122        149162.31366482255        129.15414315379493     
   1.3051117496064730        574684385.88528502        107474085.21934552        38966482.722483136        17734278.950610269        145777.35821916547        125.85033941102132     
   1.3089282077075677        549917307.35666573        107661644.33002008        37411065.617477283        17244721.552498057        142458.58473467341        122.59558560208892     
   1.3127914393859874        526062030.32854801        107798328.27542633        35916598.172674544        16765887.260926168        139210.90543039693        119.39380248279180     
   1.3167020178872588        503099575.05875701        107882242.74247690        34481048.661407843        16298064.090710508        136038.52765210340        116.24849577192063     
   1.3206605234824664        481010382.84443140        107911804.12520434        33102421.822467521        15841481.929250436        132944.96612195013        113.16275260944063     
   1.3246675435543549        459774337.23200202        107885747.65849328        31778759.454943005        15396314.365626015        129933.06441523567        110.13924340090141     
   1.3287236726844880        439370798.34735376        107803130.65438204        30508141.132731657        14962681.077393908        127005.02422023592        107.18022863177285     
   1.3328295127414758        419778648.61928785        107663331.11933778        29288685.011870187        14540650.682910033        124162.44089776609        104.28757013857643     
   1.3369856729702831        400976348.02860475        107466042.12147997        28118548.701015264        14130243.964764969        121406.34387381456        101.46274625377447     
   1.3411927700826323        382941996.94702750        107211262.34464791        26995930.165370904        13731437.371724023        118737.24047077137        98.706870203709997     
   1.3454514283485131        365653404.64044917        106899283.31479642        25919068.633434519        13344166.710099794        116155.16188343814        96.020711121693211     
   1.3497622796888158        349088161.57452631        106530673.81077661        24886245.477942571        12968330.942144230        113659.71014148748        93.404717048823997     
   1.3541259637690992        333223713.77598238        106106261.98016939        23895785.044542998        12603796.016964914        111250.10504898163        90.859039322778045     
   1.3585431280945062        318037437.65649116        105627115.67367101        22946055.404365405        12250398.668339260        108925.23024684291        88.383557796874584     
   1.3630144281058447        303506713.88336849        105094521.49001548        22035469.010366287        11907950.123510515        106683.67770185249        85.977906385996320     
   1.3675405272768446        289608999.07610196        104509962.99196318        21162483.240899891        11576239.676655035        104523.79007522884        83.641498496245262     
   1.3721220972126078        276321894.30798382        103875098.51400939        20325600.817766462        11255038.090108519        102443.70056290872        81.373551958957933     
   1.3767598177492644        263623209.59090388        103191738.93765864        19523370.089836270        10944100.795357620        100441.36992540880        79.173113154588307     
   1.3814543770548493        251491023.71232682        102461825.76196092        18754385.177023534        10643170.873974765        98514.620535247828        77.039080074536074     
   1.3862064717314166        239903738.97113922        101687409.74821191        18017285.972741880        10351981.805965619        96661.167363733708        74.970224128260980     
   1.3910168069184057        228840130.52210000        100870630.36986706        17310758.005903404        10070259.979286902        94878.645905970800        72.965210556525818     
   1.3958860963972712        218279390.18068030        100013696.25227760        16633532.166379735        9797726.9598186556        93164.637106680573        71.022617360703066     
   1.4008150626973999        208201164.66483957        99118866.744051576        15984384.300038086        9534101.5255253129        91516.689397825277        69.140952699962440     
   1.4058044372033216        198585588.35565588        98188434.723087445        15362134.681008115        9279101.4719656762        89932.337993468653        67.318670743158549     
   1.4108549602632361        189413310.74252591        97224710.704466254        14765647.370728642        9032445.1993781719        88409.121615311364        65.554185993349236     
   1.4159673812988693        180665518.78806958        96230008.287505955        14193829.473845666        8793853.0933267362        86944.596835455348        63.845886125306016     
   1.4211424589166775        172323954.49761114        95206630.952172250        13645630.302159898        8563048.7125885040        85536.350234038269        62.192143396415652     
   1.4263809610204112        164370928.01665151        94156860.193796813        13120040.457636286        8339759.7985084932        84182.008568240228        60.591324703515880     
   1.4316836649250624        156789326.60149616        93082944.965911627        12616090.846072819        8123719.1207812065        82879.247149689239        59.041800369662546     
   1.4370513574722050        149562619.82245654        91987092.387082636        12132851.632532094        7914665.1744573927        81625.796618889610        57.541951749874194     
   1.4424848351467507        142674861.36231104        90871459.656327099        11669431.149319792        7712342.7427406358        80419.448296451286        56.090177748319356     
   1.4479849041951363        136110687.76860219        89738147.113121822        11224974.766880693        7516503.3397113467        79258.058280617290        54.684900340369225     
   1.4535523807449571        129855314.50898764        88589192.372637495        10798663.737197226        7326905.5463561108        78139.550447499816        53.324569191338185     
   1.4591880909260688        123894529.66340891        87426565.462468579        10389714.018864671        7143315.2526991079        77061.918499944513        52.007665461953309     
   1.4648928709931728        118214685.57074614        86252164.886523589        9997375.0917774756        6965505.8176555978        76023.227194754363        50.732704885192028     
   1.4706675674499035        112802688.72582950        85067814.540334210        9620928.7690583747        6793258.1576508945        75021.612868891229        49.498240196034580     
   1.4765130371744370        107645988.20220280        83875261.403769761        9259688.0127194244        6626360.7738996996        74055.283370653240        48.302862989380067     
   1.4824301475466390        102732562.85278454        82676173.938350141        8912995.7590804286        6464609.7275550701        73122.517492782412        47.145205076946624     
   1.4884197765767702        98050907.519666731        81472141.120128334        8580223.7587586585        6307808.5707289409        72221.663990016008        46.023939406691845     
   1.4944828130357701        93590018.460125133        80264672.040817693        8260771.4359089155        6155768.2409608075        71351.140258407671        44.937780604830863     
   1.5006201565871389        89339378.176382959        79055196.014749408        7954064.7701915894        6008306.9255338786        70509.430740329713        43.885485193074686     
   1.5068327179204313        85288939.815124840        77845063.132347494        7659555.2046239749        5865249.9015108775        69695.085113285066        42.865851529596753     
   1.5131214188863915        81429111.283812657        76635545.204925761        7376718.5817991178        5726429.3565981528        68906.716312372155        41.877719516770092     
   1.5194871926337401        77750739.212721929        75427837.049654379        7105054.1104124226        5591684.1952966889        68142.998429420273        40.919970114045029     
   1.5259309837476409        74245092.874962479        74223058.067446679        6844083.3636048213        5460859.8342428543        67402.664526116147        39.991524689959199     
   1.5324537483898628        70903848.161270574        73022254.070356876        6593349.3101760894        5333807.9900898943        66684.504392896837        39.091344243193355     
   1.5390564544406584        67719071.692515120        71826399.318907037        6352415.3793518543        5210386.4628025610        65987.362280646717        38.218428518786460     
   1.5457400816423854        64683205.139852710        70636398.733043730        6120864.5595025048        5090458.9168437254        65310.134628580985        37.371815042459971     
   1.5525056217448829        61789049.811495423        69453090.244227558        5898298.5308279423        4973894.6622650092        64651.767806995595        36.550578092484535     
   1.5593540786526345        59029751.554234475        68277247.258723781        5684336.8319311272        4860568.4374982733        64011.255892015841        35.753827626397808     
   1.5662864685737317        56398786.009460025        67109581.205837741        5478616.0597896324        4750360.1951697208        63387.638484452771        34.980708176549534     
   1.5733038201706628        53889944.254557684        65950744.146711133        5280789.1027125092        4643154.8922035350        62779.998585237445        34.230397727289429     
   1.5804071747129538        51497318.854363084        64801331.422789864        5090524.4054537956        4538842.2850152813        62187.460534713515        33.502106583506247     
   1.5875975862316740        49215290.340267606        63661884.324393049        4907505.2657980137        4437316.7306139329        61609.188024220071        32.795076239624194     
   1.5948761216758403        47038514.129980698        62532892.762862839        4731429.1616286999        4338476.9940687064        61044.382184316128        32.108578255717688     
   1.6022438610707352        44961907.895716682        61414797.931014672        4562007.1075742673        4242226.0627764426        60492.279754419520        31.441913146756796     
   1.6097018976781685        42980639.384977452        60307994.938889101        4398963.0401622225        4148470.9677332151        59952.151336063987        30.794409289379260     
   1.6172513381586979        41090114.694442876        59212835.413053416        4242033.2304741591        4057122.6119858078        59423.299732103216        30.165421849986853     
   1.6248933027358436        39285966.994747005        58129630.049377628        4090965.7232130980        3968095.6062893192        58905.058372561165        29.554331736902512     
   1.6326289253623099        37564045.701595888        57058651.110621974        3945519.8010800513        3881308.1119056493        58396.789826819600        28.960544578522306     
   1.6404593538882493        35920406.086430743        56000134.861044839        3805465.4734325800        3796681.6904822676        57897.884402230135        28.383489729185960     
   1.6483857502315844        34351299.318541527        54954283.931760155        3670582.9881216255        3714141.1608094615        57407.758827343227        27.822619303539341     
   1.6564092905504206        32853162.929014016        53921269.611296162        3540662.3654822479        3633614.4622681611        56925.855018290225        27.277407240067799     
   1.6645311654175685        31422611.685946088        52901234.056800477        3415502.9534638026        3555032.5247304412        56451.638926173102        26.747348394060374     
   1.6727525799972089        30056428.869602025        51894292.422219969        3294913.0029026261        3478329.1446356098        55984.599462728525        26.231957659960933     
   1.6810747542237197        28751557.935577478        50900534.900502324        3178709.2619909737        3403440.8669614750        55524.247501424368        25.730769122927065     
   1.6894989229826958        27505094.553600315        49920028.677495532        3066716.5890341504        3330306.8728000456        55070.114950917014        25.243335239305562     
   1.6980263362941885        26314279.009483714        48952819.796096787        2958767.5826014192        3258868.8722120197        54621.753897084534        24.769226045470575     
   1.7066582594981892        25176488.957388829        47998934.929386660        2854702.2282713200        3189071.0020913342        54178.735810634556        24.308028394724328     
   1.7153959734423867        24089232.509809997        47058383.062515505        2754367.5611377019        3120859.7286918885        53740.650815784458        23.859345221516321     
   1.7242407746722259        23050141.652544685        46131157.083207540        2657617.3433544040        3054183.7545496807        53307.107016629227        23.422794832595368     
   1.7331939756232959        22056965.972145531        45217235.281397916        2564311.7559961053        2988993.9294988257        52877.729877027785        22.998010224530052     
   1.7422569048160752        21107566.683529619        44316582.758890621        2474317.1045695916        2925243.1655087406        52452.161650072892        22.584638427125846     
   1.7514309070530643        20199910.945668407        43429152.750344515        2387505.5375375864        2862886.3550711377        52030.060852995739        22.182339872262634     
   1.7607173436183350        19332066.453548308        42554887.857224554        2303754.7772647333        2801880.2928914051        51611.101783558959        21.790787787758291     
   1.7701175924795232        18502196.294859443        41693721.196617141        2222947.8628312112        2742183.6006563222        51194.974074081991        21.409667615940336     
   1.7796330484922993        17708554.060263064        40845577.467248313        2144972.9041792196        2683756.6546495184        50781.382278990532        21.038676456539473     
   1.7892651236073440        16949479.196325582        40010373.935112715        2069722.8471107124        2626561.5160296396        50370.045492373087        20.677522533712011     
   1.7990152470798604        16223392.590653067        39188021.341587022        1997095.2486559867        2570561.8635683511        49960.696991488468        20.325924686835908     
   1.8088848656816536        15528792.378968609        38378424.736809164        1926992.0623980290        2515722.9287099787        49553.083903215171        19.983611884999526     
   1.8188754439158101        14864249.964319920        37581484.241515212        1859319.4333276574        2462011.4327881094        49146.966889788353        19.650322764897556     
   1.8289884642340080        14228406.238927741        36797095.740638487        1793987.5018392368        2409395.5262639518        48742.119850576280        19.325805191896567     
   1.8392254272564914        13619967.999417922        36025151.511855610        1730910.2165214587        2357844.7298995042        48338.329637527735        19.009815844214270     
   1.8495878519947389        13037704.546684518        35265540.792783514        1670005.1553582477        2307329.8777149566        47935.395780547180        18.702119819720032     
   1.8600772760768620        12480444.461737191        34518150.290063359        1611193.3550559634        2257823.0617058920        47533.130221554573        18.402490265386003     
   1.8706952559757670        11947072.549401633        33782864.634133734        1554399.1481403578        2209297.5781905940        47131.357053833264        18.110708028796633     
   1.8814433672401105        11436526.941869067        33059566.783032905        1499550.0075497755        2161727.8757620472        46729.912265385639        17.826561331529483     
   1.8923232047280893        10947796.354500515        32348138.378872469        1446576.3984238133        2115089.5047766133        46328.643484185362        17.549845463873993     
   1.9033363828440919        10479917.486535903        31648460.060475912        1395411.6368122410        2069359.0683399797        45927.409723848432        17.280362500388538     
   1.9144845357782523        10031972.559620472        30960411.735564455        1345991.7550422053        2024514.1747643119        45526.081128608283        17.017921035742670     
   1.9257693177489392        9603086.9873653147        30283872.815901477        1298255.3734744666        1980533.3914541595        45124.538716212308        16.762335940104226     
   1.9371924032482168        9192427.1694061067        29618722.418656494        1252143.5784057460        1937396.2002105596        44722.674118142997        16.513428133356147     
   1.9487554872903154        8799198.4036520626        28964839.537055638        1207599.8058777871        1895082.9539434141        44320.389316730107        16.271024377364370     
   1.9604602856631446        8422642.9107414261        28322103.183485121        1164569.7311399281        1853574.8347536719        43917.596378169750        16.034957085255009     
   1.9723085351828904        8062037.9648753600        27690392.507802151        1123001.1635547795        1812853.8134059370        43514.217181960055        15.805064146888649     
   1.9843019939517352        7716694.1255099783        27069586.893678948        1082843.9467050552        1772902.6101563436        43110.183146113850        15.581188769377725     
   1.9964424416187307        7385953.5645764787        26459566.035513632        1044049.8634958146        1733704.6569494426        42705.434948787828        15.363179331676257     
   2.0087316796438719        7069188.4841602668        25860209.998387184        1006572.5460280386        1695244.0609604889        42299.922246219285        15.150889252051378     
   2.0211715315654084        6765799.6197638828        25271399.263291676        970367.39003789157        1657505.5694801484        41893.603387484538        14.944176867344309     
   2.0337638432704273        6475214.8245168738        24693014.759749088        935391.47370107367        1620474.5361376253        41486.445126697014        14.742905322893945     
   2.0465104832687562        6196887.7299083378        24124937.887785170        901603.48059530626        1584136.8884373780        41078.422332862116        14.546942471928231     
   2.0594133429702244        5930296.4787839428        23567050.530895393        868963.62664591079        1548479.0966286401        40669.517698837277        14.356160783480782     
   2.0724743369653158        5674942.5266428804        23019235.061819363        837433.59084128262        1513488.1438496690        40259.721448961463        14.170437257516376     
   2.0856954033092681        5430349.5073616952        22481374.342387743        806976.44955873059        1479151.4975700707        39849.031047094446        13.989653346455460     
   2.0990785038096487        5196062.1597461672        21953351.718861531        777556.61430953932        1445457.0822874540        39437.450905146725        13.813694881986029     
   2.1126256243174604        4971645.3114454783        21435051.013834853        749139.77274044824        1412393.2534723876        39024.992093223977        13.642452006347995     
   2.1263387750218095        4756682.9169798298        20926356.515773885        721692.83272157435        1379948.7727300329        38611.672051876041        13.475819107208553     
   2.1402199907481894        4550777.1467796639        20427152.967024107        695183.86936438049        1348112.7841587698        38197.514307294688        13.313694755424098     
   2.1542713312604160        4353547.5243382175        19937325.551142335        669582.07480789442        1316874.7918621534        37782.548189647736        13.155981644929861     
   2.1684948815662670        4164630.1086604139        19456759.879943401        644857.71065146197        1286224.6386351434        37366.808556590731        13.002586534485197     
   2.1828927522268664        3983676.7195025613        18985341.981230196        620982.06284681801        1256152.4857042585        36950.335519960725        12.853420190275594     
   2.1974670796698597        3810354.2028451934        18522958.287188131        597927.39896257338        1226648.7935835989        36533.174178838504        12.708397329534829     
   2.2122200265064249        3644343.7343562571        18069495.624102365        575666.92765956279        1197704.3039501098        36115.374357620429        12.567436564515470     
   2.2271537818521767        3485340.1586409276        17624841.203543689        554174.76026649517        1169310.0225283918        35696.990350187603        12.430460346736977     
   2.2422705616519938        3333051.3622362046        17188882.615240891        533425.87433568912        1141457.2029441905        35278.080670329437        12.297394911340138     
   2.2575726090088342        3187197.6784365647        16761507.821825702        513396.07906298578        1114137.3315014150        34858.707808385108        12.168170221419226     
   2.2730621945165765        3047511.3221256160        16342605.155440137        494061.98247473786        1087342.1128651742        34438.937994866028        12.042719912438583     
   2.2887416165969432        2913735.8529407172        15932063.316360703        475400.96026886365        1061063.4565876191        34018.840970358913        11.920981236621882     
   2.3046132018405512        2785625.6651572566        15529771.373526966        457391.12622588244        1035293.4644638052        33598.489762508900        11.802895007550639     
   2.3206793053521446        2662945.5028145108        15135618.767021222        440011.30408993032        1010024.4186594997        33177.960469407793        11.688405544977355     
   2.3369423111000533        2545469.9986660285        14749495.312352821        423241.00084296003        985248.77059325471        32757.332049929351        11.577460620127315     
   2.3534046322699407        2432983.2356566871        14371291.206555946        407060.38128157897        960959.13051400182        32336.686120165374        11.470011401529748     
   2.3700687116228849        2325278.3296708791        14000897.035877103        391450.24383188685        937148.25776466192        31916.106756662823        11.366012401736752     
   2.3869370218578450        2222157.0324129639        13638203.785041904        376391.99752097181        913809.05167471000        31495.680305538088        11.265421424983989     
   2.4040120659785740        2123429.3533219132        13283102.847912174        361867.64004277345        890934.54305963707        31075.495197635784        11.168199516067912     
   2.4212963776650280        2028913.1994994483        12935486.039396988        347859.73685510986        868517.88629536214        30655.641769526759        11.074310910633523     
   2.4387925216493254        1938434.0327027699        12595245.608540280        334351.40124375839        846552.35192485363        30236.212089698012        10.983722986966063     
   2.4565030940963117        1851824.5424843971        12262274.252543492        321326.27530530293        825031.31978559948        29817.299790332207        10.896406219572773     
   2.4744307229887967        1768924.3346519459        11936465.131708561        308768.51178657700        803948.27260481671        29398.999903555010        10.812334134509987     
   2.4925780685175036        1689579.6342331173        11617711.885050347        296662.75674142101        783296.79005979490        28981.408702768989        10.731483266717060     
   2.5109478234758038        1613643.0022103931        11305908.646537647        284994.13295065268        763070.54325707490        28564.623548094543        10.653833119274028     
   2.5295427136592838        1540973.0653139509        11000950.061800238        273748.22406562086        743263.28961466369        28148.742735981799        10.579366124651479     
   2.5483654982702166        1471434.2582138563        10702731.305223478        262911.05943164648        723868.86811523279        27733.865352424924        10.508067607849448     
   2.5674189703269814        1404896.5774710942        10411148.097222133        252469.09956075207        704881.19492817810        27320.091130308210        10.439925751478203     
   2.5867059570785109        1341235.3466727803        10126096.721701102        242409.22220937855        686294.25935633434        26907.520309795953        10.374931562455343     
   2.6062293204238056        1280330.9921966542        9847474.0436311215        232718.70902629211        668102.12008257979        26496.253501334344        10.313078840052018     
   2.6259919573366037        1222068.8290581652        9575177.5265038833        223385.23275054514        650298.90172903298        26086.391552297115        10.254364145227418     
   2.6459968002952428        1166338.8563620700        9309105.2497258447        214396.84491924141        632878.79168097337        25678.035415929135        10.198786770646713     
   2.6662468177177994        1113035.5618813587        9049155.9258276671        205741.96406183069        615836.03717065312        25271.286022878372        10.146348711000215     
   2.6867450144025549        1062057.7353210542        8795228.9174400512        197409.36435406099        599164.94260241091        24866.244155053817        10.097054633030830     
   2.7074944319738656        1013308.2898458214        8547224.2539763507        189388.16470688500        582859.86710298189        24463.010321622423        10.050911844589214     
   2.7284981493334901        966694.09147195565        8305042.6479602000        181667.81826936069        566915.22228861728        24061.684637259867        10.007930261951369     
   2.7497592831174558        922125.79595126433        8068585.5109930271        174238.10232071357        551325.47022548551        23662.366702124542        9.9681223743884146     
   2.7712809881585185        879517.69278451195        7837754.9692818215        167089.10853477707        536085.12158106279        23265.155483889572        9.9315032049828442     
   2.7930664579542928        838787.55602948484        7612453.8787264256        160211.23359588071        521188.73394867644        22870.149201509583        9.8980902663863208     
   2.8151189251411188        799856.50158184930        7392585.8395338990        153595.17014895621        506630.91033575276        22477.445210732058        9.8679035100888886     
   2.8374416619737381        762648.85062289948        7178055.2103269706        147231.89806755490        492406.29780670902        22087.139891375784        9.8409652675650889     
   2.8600379808108460        727091.99894894881        6968767.1217631530        141112.67602326709        478509.58626801713        21699.328536233617        9.8173001813634304     
   2.8829112346065964        693116.29190370487        6764627.4896129314        135229.03334271754        464935.50738928939        21314.105241727946        9.7969351240344125     
   2.9060648174081285        660654.90465638193        6565543.0273169428        129572.76213800724        451678.83365092805        20931.562800293261        9.7798991024132889     
   2.9295021648591941        629643.72757852939        6371421.2580205481        124135.90969703752        438734.37750833598        20551.792594421109        9.7662231444536083     
   2.9532267547099549        600021.25648208405        6182170.5260596238        118910.77112269077        426096.99066931644        20174.884492602083        9.7559401654941791     
   2.9772421073330273        571728.48749887117        5997700.0079316320        113889.88220835599        413761.56347405625        19800.926747058507        9.7490848103226107     
   3.0015517862458543        544708.81638673821        5817919.7227300126        109066.01253975517        401723.02437376260        19430.005893465597        9.7456932670254801     
   3.0261593986394781        518907.94206491811        5642740.5420914246        104432.15881155996        389976.33949673775        19062.206652502562        9.7458030479751638     
   3.0510685959137915        494273.77418044198        5472074.1995980032        99981.538352144576        378516.51230669604        18697.611833843497        9.7494527329287237     
   3.0762830742193512        470756.34452907729        5305833.2997044772        95707.582845233250        367338.58333978377        18336.302242316069        9.7566816683364159     
   3.1018065750058317        448307.72215869167        5143931.3262190865        91603.932238610461        356437.63000958593        17978.356586059304        9.7675296163099716     
   3.1276428855772016        426881.93198316748        4986282.6502769981        87664.428836642925        345808.76649313484        17623.851387694358        9.7820363461598543     
   3.1537958396536978        406434.87675664685        4832802.5378948748        83883.111565167201        335447.14367849525        17272.860897917592        9.8002411602228872     
   3.1802693179406978        386924.26225627901        4683407.1570972726        80254.210403014993        325347.94917449798        16925.457011899503        9.8221823450221866     
   3.2070672487045528        368309.52553124062        4538013.5846314495        76772.140974301874        315506.40738165256        16581.709188805671        9.8478965377853616     
   3.2341936083554876        350551.76608388685        4396539.8123037592        73431.499293925473        305917.77961522236        16241.684374336721        9.8774179972647271     
   3.2616524220376397        333613.67985324183        4258904.7529461570        70227.056661442883        296577.36428099836        15905.446926668108        9.9107777668160164     
   3.2894477642263253        317459.49587782874        4125028.2460288354        67153.754697833647        287480.49710065237        15573.058545984857        9.9480027165725033     
   3.3175837593326376        302054.91552165343        3994831.0629473533        64206.700519107464        278622.55137995770        15244.578207604582        9.9891144504291223     
   3.3460645823154409        287367.05415117409        3868234.9119937127        61381.162042350166        269998.93831877556        14920.062098970659        10.034128062560328     
   3.3748944593008754        273364.38515625603        3745162.4430182744        58672.563419893828        261605.10736122061        14599.563560772545        10.083050727239382     
   3.4040776682094509        260016.68621485468        3625537.2518114327        56076.480596236477        253436.54657867129        14283.133032124200        10.135880104858138     
   3.4336185393908236        247294.98770255325        3509283.8841878800        53588.636984605335        245488.78308714635        13970.818000208174        10.192602546613195     
   3.4635214562663581        235171.52315546019        3396327.8397920048        51204.899257833174        237757.38348972474        13662.662954179537        10.253191079989707     
   3.4937908559795576        223619.68169633666        3286595.5756004234        48921.273250513434        230237.95434382276        13358.709343615326        10.317603157571035     
   3.5244312300544713        212613.96233960314        3180014.5091170948        46733.899968425474        222926.14264789096        13058.995541487997        10.385778152537545     
   3.5554471250621700        202129.93009521539        3076513.0212600953        44639.051701291508        215817.63634126034        12763.556811566716        10.457634585939857     
   3.5868431432953867        192144.17379230302        2976020.4588940865        42633.128236620716        208908.16481799184        12472.425280545796        10.533067073766208     
   3.6186239434514307        182634.26555028660        2878467.1370055862        40712.653169814555        202193.49944240402        12185.629914405017        10.611942985784429     
   3.6507942413234633        173578.72182417498        2783784.3404473653        38874.270307879582        195669.45406320048        11903.196499009606        10.694098814139716     
   3.6833588105002573        164956.96595521577        2691904.3251885911        37114.740163820679        189331.88552115689        11625.147624818106        10.779336257385799     
   3.7163224830745198        156749.29216501463        2602760.3190621864        35430.936537237780        183176.69413656316        11351.502674991061        10.867418035462974     
   3.7496901503599052        148936.83092769183        2516286.5218932596        33819.843180662880        177199.82418213403        11082.277817343704        10.958063464245303     
   3.7834667636168122        141501.51566694613        2432418.1050387789        32278.550546369759        171397.26432220897        10817.485999025712        11.050943833382012     
   3.8176573347870773        134426.05071859501        2351091.2102208580        30804.252613580109        165765.04802515404        10557.136944374211        11.145677650740691     
   3.8522669372376686        127693.88050953623        2272242.9476603782        29394.243791787030        160299.25393403362        10301.237154996896        11.241825838640233     
   3.8873007065135008        121289.15990366775        2195811.3934727116        28045.915899201311        154996.00619769483        10049.789912166327        11.338886993225891     
   3.9227638410994730        115196.72566819801        2121735.5862962701        26756.755213760029        149851.47475651832        9802.7952810801944        11.436292847399690     
   3.9586616031918389        109402.06902515987        2049955.5232984808        25524.339596859285        144861.87559282227        9560.2501175384132        11.533404109077752     
   3.9949993194790485        103891.30923004907        1980412.1552504082        24346.335683396959        140023.47091999825        9322.1480752149619        11.629506881771395     
   4.0317823819321390        98651.168186151423        1913047.3815809139        23220.496147923583        135332.56937758409        9088.4796178323832        11.723809904747174     
   4.0690162486048296        93668.945913663294        1847804.0426673547        22144.657010553128        130785.52603454149        8859.2320228396420        11.815442895057020     
   4.1067064444434092        88932.497164312852        1784625.9156947464        21116.735057372774        126378.74264984700        8634.3894065591030        11.903456272778481     
   4.1448585621065561        84430.208275860496        1723457.6967665295        20134.725166619268        122108.66696388094        8413.9326870204186        11.986822648222747     
   4.1834782627952096        80150.977489412660        1664245.0353422735        19196.698312711396        117971.79570244261        8197.8398063337172        12.064440178250402     
   4.2225712770926007        76084.199391983246        1606934.6411249477        18300.800427342318        113964.68272858161        7986.0863263934680        12.135137913346888     
   4.2621434058145873        72219.816371733032        1551475.8208256240        17445.267315585003        110084.04867897180        7778.6532309545082        12.197678569979276     
   4.3022005208704108        68548.676234986007        1497828.8174983773        16628.513988970954        106327.37376180977        7575.5695385658692        12.250739057672822     
   4.3427485661339951        65060.351249169886        1445917.9736958926        15848.609360265691        102689.57423992171        7376.6763086357223        12.293065038335463     
   4.3837935583259275        61746.405637041767        1395701.9734364639        15104.066355955289        99167.986504103756        7181.9782435374627        12.323348910863196     
   4.4253415879062530        58598.488945398291        1347133.9802785926        14393.385475730804        95759.540688015943        6991.4458030292026        12.340252136109399     
   4.4673988199782073        55608.606632599440        1300167.6418970118        13715.121552034267        92461.187031520254        6805.0450086921601        12.342468953234459     
   4.5099714952030228        52768.986306085899        1254754.2393695361        13067.852357112219        89269.693626672393        6622.7223866789800        12.328756188627839     
   4.5530659307259489        50072.526756428764        1210853.5443898269        12450.290981677117        86182.419203576908        6444.4619899993568        12.297952212358235     
   4.5966885211136237        47511.620077066793        1168406.0437820067        11860.995685043921        83195.337452820997        6270.1384450869600        12.249006880192127     
   4.6408457393029323        45081.191988067978        1127407.1076420078        11299.127549891951        80308.317266126251        6099.9130956986992        12.181049977635407     
   4.6855441375614877        42770.660841799698        1087708.6967908510        10762.443996612319        77511.002307010320        5933.1664556658834        12.093187678645382     
   4.7307903484598963        40571.240434246851        1049194.7596138120        10249.112079609195        74795.293366021564        5769.4275284536343        11.984930431956517     
   4.7764507604017741        38471.159810714889        1011606.2373066621        9756.3912624911045        72142.789836594660        5607.2683106537606        11.855524401138045     
   4.8222497988255366        36517.615968336766        976198.40732272330        9296.4033711042302        69643.033962262387        5453.5642699971922        11.709651848930264     
   4.8680488372492992        34623.104393570153        940731.55635601399        8847.2389772703336        67136.391814025395        5295.9239460624613        11.537335306410068     
   4.9138478756730617        32784.876991045181        905208.42515998858        8408.4959068088756        64623.178219297508        5134.4340738297533        11.341700158717769     
