  0.99980681901930812        46263436068615.367        895903.60327560140        3855284334620.7300        2063643.0700385147       0.17563273510522959        4.5282106562976037E-004
   1.0000000000000000        46263436062551.484        901990.49209366320        3855284321115.0923        2077142.9501354827       0.17794419945551987        4.5879976714115043E-004
   1.0001931809806919        46141962087428.156        906664.43255929742        3845161480119.7949        2087344.7536116769       0.18018556010534070        4.6491930411174918E-004
   1.0003863619613838        45876944128016.648        909477.22136603761        3823076644666.1611        2093198.3413838719       0.18227684447710452        4.7118745943562569E-004
   1.0005795429420756        45617321987817.836        912441.84412961442        3801441460429.4507        2099409.3030636441       0.18443291096678691        4.7752223058384284E-004
   1.0007727239227675        45370034608774.836        915409.49923567811        3780834172993.0605        2105608.5647035846       0.18656841382398465        4.8394994537511924E-004
   1.0009659049034594        45162993228467.703        918524.09456392238        3763580718408.4429        2112108.9227847210       0.18862567539556885        4.9049020147410997E-004
   1.0011590858841513        44967548951911.586        921674.57775225875        3747293689103.3809        2118674.0587253082       0.19067169710007423        4.9713113082115539E-004
   1.0013522668648434        44700271215003.766        924592.10902226600        3725020538627.2197        2124758.9518514038       0.19294429615616479        5.0380675299891450E-004
   1.0015454478455352        44245889343319.938        926870.90938940283        3687155378231.0210        2129536.5947957360       0.19578431133208249        5.1040709085599021E-004
   1.0017386288262271        43500135844496.148        928114.36693405895        3625009251026.0435        2132194.1513313199       0.19953963359216795        5.1680075800013259E-004
   1.0019318098069190        42464268268324.922        928250.94353474292        3538686952995.4390        2132565.2795092002       0.20429349725946705        5.2291585591578507E-004
   1.0021249907876109        41256567630114.219        927614.71516773012        3438045234777.8779        2131305.1924385820       0.20977939031169796        5.2877999696649910E-004
   1.0023181717683027        40042102772153.344        926750.40900002979        3336839832044.5752        2129518.6006117086       0.21551633460331052        5.3449719001708300E-004
   1.0025113527489946        38979023391294.766        926245.51958587940        3248249885032.1318        2128432.7161108539       0.22093664805537888        5.4021771523584273E-004
   1.0027045337296865        38176784902290.227        926565.12505438959        3181396677313.8018        2129047.8835897143       0.22554965806165694        5.4609363586467709E-004
   1.0028977147103784        37654469037175.070        927856.47415238537        3137870352812.6572        2131701.3013621680       0.22917335136857628        5.5221216552047130E-004
   1.0030908956910702        37338209469691.711        929896.89277645980        3111515384895.9321        2135935.1563826501       0.23202390621279151        5.5855971313142254E-004
   1.0032840766717621        37128692513301.766        932336.03967651387        3094055633746.8081        2141009.5385254091       0.23446905904441490        5.6507230672050318E-004
   1.0034772576524540        36951139747277.289        934895.79434590007        3079259564869.1401        2146334.7390651838       0.23680607880309776        5.7168888890545921E-004
   1.0036704386331459        36758569267201.664        937393.02100770816        3063212019928.2969        2151523.2639910029       0.23923091512073472        5.7836245776827513E-004
   1.0038636196138377        36533004633057.891        939751.81892031396        3044414962462.0674        2156415.3402441465       0.24182412165560224        5.8506847245740035E-004
   1.0040568005945296        36279612395361.422        941986.62444505235        3023298938320.7891        2161041.9812852689       0.24456900964905443        5.9180528789916234E-004
   1.0042499815752217        36013351946592.531        944153.29299395264        3001110563330.3096        2165521.2795022009       0.24740407938558778        5.9858431168680808E-004
   1.0044431625559136        35747140627370.555        946302.69128587283        2978926282616.5898        2169960.5996627733       0.25027319731908809        6.0541829593294886E-004
   1.0046363435366055        35487040518119.633        948459.98987616028        2957251269342.1660        2174413.0273094587       0.25314849868238071        6.1231480102934472E-004
   1.0048295245172973        35233381727253.266        950627.50555011164        2936113032498.4854        2178883.4196431087       0.25602758902130107        6.1927567525106814E-004
   1.0050227054979892        34984056062612.102        952797.18631346081        2915335889611.0298        2183354.7708139312       0.25891978742069061        6.2629967247705958E-004
   1.0052158864786811        34737076934977.285        954960.99086412007        2894754291420.4849        2187810.1151404707       0.26183444072006890        6.3338512705599342E-004
   1.0054090674593730        34491512466632.934        957114.99681395339        2874290581554.9624        2192241.1846323041       0.26477619448554923        6.4053125005039441E-004
   1.0056022484400648        34247284248991.035        959258.81608695374        2853938225962.3726        2196647.1651003975       0.26774561118907514        6.4773817157610806E-004
   1.0057954294207567        34004640401831.523        961393.49784578604        2833717901171.7319        2201030.2695834548       0.27074157356304135        6.5500646490514701E-004
   1.0059886104014486        33763794123633.160        963520.00106065325        2813647373967.3477        2205392.5189130199       0.27376306734832206        6.6233673260734905E-004
   1.0061817913821405        33524820453761.102        965638.71672309912        2793732897399.0732        2209734.7358046742       0.27680975221074594        6.6972944502638259E-004
   1.0063749723628324        33287700096010.438        967749.62740152376        2773972863476.2671        2214056.8828739170       0.27988177852575852        6.7718496070685082E-004
   1.0065681533435245        33052387556797.336        969852.59370690805        2754363481162.0596        2218358.6663899515       0.28297944621436988        6.8470359822917274E-004
   1.0067613343242172        32818847754014.059        971947.51697933860        2734901826896.2949        2222639.8786526602       0.28610300755656493        6.9228568371386791E-004
   1.0069545153049126        32587061103639.152        974034.36626627797        2715586268686.6094        2226900.4547562380       0.28925263320565897        6.9993156236573448E-004
   1.0071476962856181        32357015768215.168        976113.14618844562        2696415820174.3179        2231140.4048483842       0.29242845113069604        7.0764159143929214E-004
   1.0073408772663635        32128700597180.168        978183.86552113993        2677389551842.5366        2235359.7475965405       0.29563058561026417        7.1541613132163691E-004
   1.0075340582472700        31902102525926.746        980246.52463759307        2658506375292.3315        2239558.4846065454       0.29885917292427605        7.2325554170919347E-004
   1.0077272392288206        31677207029544.348        982301.11728932383        2639765080031.3252        2243736.6033852794       0.30211435949855664        7.3116018138838393E-004
   1.0079204202129468        31453999517100.508        984347.63687308389        2621164450009.3540        2247894.0907707228       0.30539629379364963        7.3913041028274165E-004
   1.0081136012073761        31232466558704.527        986386.08305175533        2602703366304.1074        2252030.9473122181       0.30870511885657453        7.4716659210117035E-004
   1.0083067822430178        31012596202979.492        988416.46404666617        2584380832738.5874        2256147.1912112026       0.31204096984077739        7.5526909716212723E-004
   1.0084999634435086        30794377765264.652        990438.80305773788        2566195959142.2305        2260242.8735559597       0.31540397914461471        7.6343831005080856E-004
   1.0086931453033960        30577799306118.574        992453.13747839211        2548147750359.8174        2264318.0754274391       0.31879430037943141        7.7167465694951429E-004
   1.0088863298008699        30362847408001.777        994459.60810538509        2530235088387.9399        2268373.1056430880       0.32221216778174866        7.7997872544204256E-004
   1.0090795248486899        30149496766666.324        996458.63786280178        2512455864493.7803        2272408.8799889083       0.32565812056379728        7.8835175167216815E-004
   1.0092727620978945        29937712984149.801        998452.17596490367        2494807212185.5806        2276429.6298157102       0.32913378048766750        7.9679761853688796E-004
   1.0094661681526369        29727344636188.082        1000446.9597186610        2477276512751.1753        2280449.8426375473       0.33264514688858277        8.0533088106677850E-004
   1.0096602494295313        29517811802966.781        1002453.1333591429        2459815439458.4976        2284490.7208720609       0.33620535826430054        8.1398337346225169E-004
   1.0098558819525563        29308212721657.121        1004476.3602114978        2442348845480.7300        2288563.0134754442       0.33982889874316885        8.2279086723639858E-004
   1.0100536957928659        29097958042458.750        1006516.5467101998        2424827618364.0796        2292665.2502282476       0.34352379888504569        8.3177437050405882E-004
   1.0102538640595016        28886960816828.758        1008573.3405742634        2407244512401.9868        2296796.1947351508       0.34729264223784834        8.4094169543043351E-004
   1.0104564147753923        28675295271484.176        1010647.3066762330        2389605712979.8906        2300956.9148948793       0.35113685589759219        8.5029748513091403E-004
   1.0106613762970034        28462992079213.695        1012738.6526504856        2371913776361.0146        2305147.6911057029       0.35505816333098345        8.5984647046100495E-004
   1.0108687773183052        28250032461175.141        1014847.2429877931        2354167137565.8472        2309368.0631399462       0.35905870270421469        8.6959342812128722E-004
   1.0110786468747903        28036368849354.086        1016972.7666888559        2336361832573.3311        2313617.2007827312       0.36314093317140483        8.7954319309487211E-004
   1.0112910143475387        27821952157539.992        1019114.8733089801        2318493770887.6895        2317894.1866177400       0.36730741699607850        8.8970071079250081E-004
   1.0115059094673300        27606754744876.602        1021273.3113215051        2300560649110.8413        2322198.3071572115       0.37156062684039071        9.0007109180863102E-004
   1.0117233623188076        27390775921490.527        1023447.9660515852        2282562409747.2935        2326529.1311784508       0.37590288295611407        9.1065964050840225E-004
   1.0119434033446884        27174033340984.266        1025638.8195151684        2264500523932.1270        2330886.4253553692       0.38033641517614197        9.2147185295587844E-004
   1.0121660633500265        26956551445613.074        1027845.8880559964        2246377028526.9761        2335270.0233804053       0.38486345893798313        9.3251340340482446E-004
   1.0123913735065240        26738354652425.551        1030069.1838622795        2228193958286.4297        2339679.7453425829       0.38948631722300120        9.4379013623002326E-004
   1.0126193653568960        26519465492829.203        1032308.7034169802        2209953190810.8037        2344115.3734893929       0.39420738105458758        9.5530806672908849E-004
   1.0128500708192871        26299904923036.328        1034564.4284579169        2191656472451.7236        2348576.6542181983       0.39902913059021644        9.6707338662099080E-004
   1.0130835221917385        26079693001250.262        1036836.3293202963        2173305474747.8818        2353063.3049993324       0.40395413236596095        9.7909247085283912E-004
   1.0133197521567103        25858849542659.629        1039124.3684702547        2154901848957.8547        2357575.0216275356       0.40898503621883298        9.9137188494560465E-004
   1.0135587937856565        25637394723198.777        1041428.5040169887        2136447276394.3618        2362111.4854807653       0.41412457215309956        1.0039183929151378E-003
   1.0138006805436559        25415349488599.395        1043748.6922863569        2117943502557.0525        2366672.3688302133       0.41937554871322735        1.0167389653605841E-003
   1.0140454462940955        25192735646042.062        1046084.8885810095        2099392344690.8740        2371257.3362216945       0.42474085443997911        1.0298407871735594E-003
   1.0142931253034133        24969575692034.207        1048437.0462389052        2080795677519.5620        2375866.0424724421       0.43022346226736580        1.0432312649141901E-003
   1.0145437522458938        24745892558215.258        1050805.1150901970        2062155412010.6272        2380498.1292801294       0.43582643517084230        1.0569180340494122E-003
   1.0147973622085227        24521709440798.414        1053189.0403271969        2043473481175.2593        2385153.2227684748       0.44155293127856921        1.0709089665889336E-003
   1.0150539906958995        24297049773556.633        1055588.7622576507        2024751837837.2368        2389830.9328856897       0.44740620761708833        1.0852121793618504E-003
   1.0153136736352082        24071937299951.148        1058004.2167376445        2005992460615.1423        2394530.8541622930       0.45338962280850786        1.0998360429069702E-003
   1.0155764473812456        23846396162049.441        1060435.3357613811        1987197361343.3398        2399252.5668350691       0.45950663959050470        1.1147891908638765E-003
   1.0158423487215118        23620450950149.723        1062882.0478376613        1968368589226.0491        2403995.6375330770       0.46576082784875900        1.1300805296983153E-003
   1.0161114148813610        23394126704691.809        1065344.2780746317        1949508230959.2944        2408759.6192871942       0.47215586833274081        1.1457192486789621E-003
   1.0163836835292117        23167448893086.879        1067821.9480883728        1930618408817.2166        2413544.0512355766       0.47869555685454390        1.1617148302162368E-003
   1.0166591927818207        22940443386076.930        1070314.9758996475        1911701278709.6143        2418348.4583174484       0.48538380868025710        1.1780770606237315E-003
   1.0169379812096198        22713136444654.586        1072823.2759172842        1892759029059.0198        2423172.3510738323       0.49222466296563361        1.1948160413178845E-003
   1.0172200878421140        22485554715879.277        1075346.7589878626        1873793880435.7363        2428015.2256030389       0.49922228725114648        1.2119422005256850E-003
   1.0175055521733474        22257725231162.770        1077885.3324561385        1854808085468.9690        2432876.5636245050       0.50638098210243421        1.2294663055465514E-003
   1.0177944141674313        22029675403317.293        1080438.9002493897        1835803928556.6492        2437755.8324700915       0.51370518594607761        1.2473994754726458E-003
   1.0180867142641388        21801433021066.211        1083007.3629370974        1816783725427.5576        2442652.4851014465       0.52119948013863171        1.2657531944886354E-003
   1.0183824933845671        21573026242277.801        1085590.6177958113        1797749822573.4270        2447565.9601081228       0.52886859425978339        1.2845393257235641E-003
   1.0186817929368652        21344483586734.996        1088188.5588784956        1778704596641.8545        2452495.6817130349       0.53671741162820441        1.3037701256983626E-003
   1.0189846548220320        21115833928737.027        1090801.0770875618        1759650453822.9963        2457441.0597944683       0.54475097504491721        1.3234582594052252E-003
   1.0192911214397817        20887106489580.938        1093428.0602557831        1740589829226.2231        2462401.4899243438       0.55297449277472344        1.3436168160431991E-003
   1.0196012356944799        20658330829667.555        1096069.3932340103        1721525186219.7429        2467376.3534126165       0.56139334477966307        1.3642593254359957E-003
   1.0199150410011495        20429536840161.129        1098724.9579799951        1702459015734.9714        2472365.0173554299       0.57001308921468652        1.3853997751705931E-003
   1.0202325812915494        20200754734194.984        1101394.6336536251        1683393835533.1450        2477366.8346972708       0.57883946920279683        1.4070526284880216E-003
   1.0205539010203244        19972015037738.785        1104078.2967137052        1664332189444.9177        2482381.1442974829       0.58787841989520828        1.4292328429647467E-003
   1.0208790451712288        19743348579917.930        1106775.8210160795        1645276646566.1367        2487407.2710027262       0.59713607583572648        1.4519558900215250E-003
   1.0212080592634245        19514786483087.082        1109487.0779181833        1626229800427.1155        2492444.5257250872       0.60661877863782598        1.4752377752928702E-003
   1.0215409893578522        19286360152348.879        1112211.9363805307        1607194268118.5894        2497492.2055180985       0.61633308499118777        1.4990950599055584E-003
   1.0218778820636814        19058101264852.305        1114950.2630700835        1588172689404.8027        2502549.5936665111       0.62628577500970817        1.5235448827121962E-003
   1.0222187845448343        18830041758550.117        1117701.9224642275        1569167725785.1855        2507615.9597698995       0.63648386094113807        1.5486049835131660E-003
   1.0225637445265889        18602213820417.203        1120466.7769516299        1550182059505.8291        2512690.5598129504       0.64693459625221283        1.5742937273137841E-003
   1.0229128103022616        18374649874466.098        1123244.6869276015        1531218392570.2104        2517772.6362516806       0.65764548510231347        1.6006301296884722E-003
   1.0232660307399659        18147382569275.789        1126035.5108893048        1512279445693.8167        2522861.4180785688       0.66862429222663844        1.6276338832704284E-003
   1.0236234552894552        17920444765092.406        1128839.1055230284        1493367957228.6450        2527956.1208829670       0.67987905324650844        1.6553253854409277E-003
   1.0239851339890460        17693869520465.859        1131655.3257787258        1474486682057.4407        2533055.9469025559       0.69141808542478445        1.6837257672785181E-003
   1.0243511174726214        17467690078679.826        1134484.0249456197        1455638390446.5110        2538160.0850423551       0.70324999887973783        1.7128569237895373E-003
   1.0247214569767222        17241939853482.926        1137325.0546984917        1436825866885.3096        2543267.7109127971       0.71538370829356368        1.7427415455570192E-003
   1.0250962043477170        17016652414739.186        1140178.2651499396        1418051908858.5107        2548377.9867843278       0.72782844510879197        1.7734031517528388E-003
   1.0254754120490626        16791861473537.947        1143043.5048714136        1399319325624.1738        2553490.0615701126       0.74059377026123496        1.8048661247033651E-003
   1.0258591331686486        16567600866825.750        1145920.6208962474        1380630936933.2253        2558603.0707473843       0.75368958745632797        1.8371557459986509E-003
   1.0262474214262280        16343904541797.480        1148809.4587075068        1361989571714.4521        2563716.1362296813       0.76712615700945586        1.8702982342165102E-003
   1.0266403311809391        16120806539818.609        1151709.8621904943        1343398066750.2964        2568828.3662283556       0.78091411028469948        1.9043207843919103E-003
   1.0270379174389155        15898340979939.670        1154621.6735589884        1324859265301.9272        2573938.8550405791       0.79506446474516612        1.9392516092484537E-003
   1.0274402358609869        15676542042174.062        1157544.7332570201        1306376015695.6602        2579046.6827614815       0.80958863963537175        1.9751199822629038E-003
   1.0278473427704700        15455443950273.291        1160478.8798059775        1287951169920.6479        2584150.9149955637       0.82449847234012907        2.0119562827469509E-003
   1.0282592951610561        15235080954319.496        1163423.9496330896        1269587582144.2324        2589250.6024154704       0.83980623541283528        2.0497920428582451E-003
   1.0286761507047875        15015487312858.266        1166379.7768348458        1251288107249.0491        2594344.7803153470       0.85552465433095948        2.0886599968111871E-003
   1.0290979677601335        14796697274767.838        1169346.1929057916        1233055599306.7852        2599432.4680283908       0.87166692598124107        2.1285941322262492E-003
   1.0295248053801589        14578745060748.258        1172323.0264021121        1214892910047.1130        2604512.6682788655       0.88824673791387621        2.1696297438142712E-003
   1.0299567233207920        14361664844627.209        1175310.1025557336        1196802887289.9441        2609584.3664067010       0.90527828837884494        2.2118034894137144E-003
   1.0303937820491902        14145490734321.262        1178307.2428220960        1178788373358.8022        2614646.5294936234       0.92277630718376336        2.2551534485262060E-003
   1.0308360427522045        13930256752499.045        1181314.2643525312        1160852203477.8821        2619698.1053717281       0.94075607739225442        2.2997191834539716E-003
   1.0312835673449467        13715996817014.609        1184330.9793998546        1142997204135.8447        2624738.0214865105       0.95923345788944747        2.3455418030981588E-003
   1.0317364184794564        13502744721094.100        1187357.1946408756        1125226191438.3005        2629765.1836308260       0.97822490684349939        2.3926640295661638E-003
   1.0321946595534719        13290534113305.615        1190392.7104153517        1107541969432.6169        2634778.4745084359       0.99774750608064799        2.4411302676598991E-003
   1.0326583547193069        13079398477251.709        1193437.3198725709        1089947328421.0076        2639776.7521583992        1.0178189864165921        2.4909866773943972E-003
   1.0331275688928305        12869371111162.809        1196490.8080216045        1072445043258.7867        2644758.8481917288        1.0384577539456847        2.5422812496280205E-003
   1.0336023677625557        12660485107188.783        1199552.9506832296        1055037871620.0752        2649723.5658349441        1.0596829173316438        2.5950638849080339E-003
   1.0340828177988350        12452773330642.980        1202623.5133256970        1037728552284.6777        2654669.6778231021        1.0815143161164140        2.6493864757302786E-003
   1.0345689862631666        12246268398971.805        1205702.2497954026        1020519803375.1426        2659595.9240417425        1.1039725500671291        2.7053029922082744E-003
   1.0350609412176115        12041002660831.129        1208788.9009296610        1003414320614.6112        2664501.0089848931        1.1270790095763559        2.7628695713651529E-003
   1.0355587515343205        11837008174805.137        1211883.1930387111        986414775557.80103        2669383.5989830801        1.1508559071539721        2.8221446101492288E-003
   1.0360624869051764        11634316688350.391        1214984.8362734173        969523813825.86292        2674242.3191902391        1.1753263099981335        2.8831888622534445E-003
   1.0365722178515520        11432959616496.953        1218093.5228523698        952744053331.73608        2679075.7503406508        1.2005141736918539        2.9460655389273341E-003
   1.0370880157341806        11232968020440.211        1221208.9251436712        936078082509.41028        2683882.4252770925        1.2264443770352635        3.0108404139262118E-003
   1.0376099527631488        11034372586283.479        1224330.6936153057        919528458541.57312        2688660.8252071054        1.2531427580025309        3.0775819326515730E-003
   1.0381381020080038        10837203603706.119        1227458.4546460414        903097705572.74890        2693409.3756836653        1.2806361508520099        3.1463613256175575E-003
   1.0386725374079835        10641490944698.020        1230591.8081848223        886788312935.23767        2698126.4423278095        1.3089524243854398        3.2172527264272745E-003
   1.0392133337823679        10447264042357.215        1233730.3252616376        870602733380.79297        2702810.3262824412        1.3381205213629042        3.2903332943713349E-003
   1.0397605668409537        10254551869777.738        1236873.5453380300        854543381340.35388        2707459.2594353906        1.3681704990813686        3.3656833418626540E-003
   1.0403143131946531        10063382918930.871        1240020.9735194291        838612631150.66528        2712071.3992984607        1.3991335710974342        3.4433864666477145E-003
   1.0408746503662187        9873785179929.9238        1243172.0776175086        822812815322.38098        2716644.8236394627        1.4310421500729424        3.5235296890792681E-003
   1.0414416568010980        9685786120259.6543        1246326.2850571910        807146222807.48535        2721177.5248358580        1.4639298917611281        3.6062035945591542E-003
   1.0420154118784128        9499412664240.5234        1249482.9796242751        791615097306.15833        2725667.4040009989        1.4978317401027386        3.6915024813797062E-003
   1.0425959959220756        9314691172734.0820        1252641.4980852478        776221635565.28760        2730112.2647909820        1.5327839733900710        3.7795245138976777E-003
   1.0431834902120314        9131647423176.3555        1255801.1266763625        760967985691.27661        2734509.8069242686        1.5688242514613198        3.8703718812247291E-003
   1.0437779769956383        8950306589592.0684        1258961.0974051266        745856245538.34277        2738857.6196120111        1.6059916639789611        3.9641509620288147E-003
   1.0443795394991822        8770693223326.4375        1262120.5843022743        730888461042.66333        2743153.1745202192        1.6443267795758549        4.0609724946785424E-003
   1.0449882619395265        8592831233729.8389        1265278.6994811224        716066624660.91443        2747393.8187391507        1.6838716960217093        4.1609517539679154E-003
   1.0456042295359045        8416743869498.5127        1268434.4891503854        701392673776.81128        2751576.7673681513        1.7246700911748674        4.2642087336066418E-003
   1.0462275285218479        8242453700087.0586        1271586.9294758376        686868489188.91724        2755699.0960827693        1.7667672748202956        4.3708683355032953E-003
   1.0468582461572598        8069982597699.2061        1274734.9224064334        672495893587.36755        2759757.7334210207        1.8102102411993362        4.4810605652882687E-003
   1.0474964707406318        7899351719536.2549        1277877.2914222940        658276650067.68677        2763749.4529660470        1.8550477222364288        4.5949207346687249E-003
   1.0481422916214038        7730581490505.7754        1281012.7772238881        644212460708.79724        2767670.8655104805        1.9013302413894069        4.7125896709389551E-003
   1.0487957992124739        7563691586470.0371        1284140.0334141084        630304965176.96973        2771518.4111231351        1.9491101679965932        4.8342139336135454E-003
   1.0494570850028553        7398700918202.4541        1287257.6222124987        616555739364.00745        2775288.3511508624        1.9984417720082368        4.9599460383698817E-003
   1.0501262415704851        7235627615671.5625        1290364.0101560259        602966294112.72083        2778976.7604157799        2.0493812791500594        5.0899446892425692E-003
   1.0508033625951843        7074489013139.2930        1293457.5639255182        589538073942.79822        2782579.5193325658        2.1019869262517310        5.2243750184834308E-003
   1.0514885428717728        6915301634527.4844        1296536.5462290656        576272455856.87598        2786092.3063357486        2.1563190168811599        5.3634088354363139E-003
   1.0521818783233412        6758081179382.6768        1299599.1118650625        563170748148.79626        2789510.5903813830        2.2124399770536347        5.5072248840609649E-003
   1.0528834660146775        6602842509290.1797        1302643.3039360920        550234189295.16296        2792829.6238747281        2.2704144111010316        5.6560091104453760E-003
   1.0535934041658592        6449599635155.6221        1305667.0503490267        537463946870.32166        2796044.4358328222        2.3303091574741335        5.8099549401059818E-003
   1.0543117921660010        6298365705032.4131        1308668.1605578135        524861116557.17157        2799149.8256474119        2.3921933446106625        5.9692635667620625E-003
   1.0550387305871698        6149152993023.8379        1311644.3227141043        512426721197.99481        2802140.3572681881        2.4561384466540663        6.1341442524927093E-003
   1.0557743211984651        6001972888758.0850        1314593.1011881330        500161709934.12946        2805010.3541560275        2.5222183392452919        6.3048146412231550E-003
   1.0565186669802655        5856835887561.7988        1317511.9345851438        488066957381.83783        2807753.8949138941        2.5905093553611911        6.4815010860876871E-003
   1.0572718721386467        5713751581261.9365        1320398.1342970398        476143262867.81964        2810364.8097931482        2.6610903413663687        6.6644389923743285E-003
   1.0580340421199683        5572728649621.8184        1323248.8836758991        464391349709.86755        2812836.6781354849        2.7340427134346998        6.8538731774865939E-003
   1.0588052836256379        5433774852468.0645        1326061.2378849925        452811864566.56592        2815162.8269354664        2.8094505145835904        7.0500582500710972E-003
   1.0595857046270476        5296897022729.3916        1328832.1245309492        441405376858.21521        2817336.3306053211        2.8874004725396887        7.2532590103132491E-003
   1.0603754143806903        5162101060369.4951        1331558.3451622229        430172378254.86206        2819350.0120510645        2.9679820588106218        7.4637508738695990E-003
   1.0611745234434549        5029391927238.6680        1334236.5777036001        419113282245.81500        2821196.4452289743        3.0512875494361063        7.6818203225482093E-003
   1.0619831436881044        4898773642700.5039        1336863.3798936033        408228423793.25366        2822867.9593767920        3.1374120881193708        7.9077653854074323E-003
   1.0628013883189371        4770249280196.9756        1339435.1938877653        397518059020.95239        2824356.6447858457        3.2264537522700771        8.1418961530367005E-003
   1.0636293718876357        4643820964566.4531        1341948.3520163347        386982365004.71710        2825654.3605709956        3.3185136230726799        8.3845353308930181E-003
   1.0644672103093031        4519489870206.8486        1344399.0838476294        376621439621.96399        2826752.7443657019        3.4136958605219712        8.6360188359636599E-003
   1.0653150208786908        4397256220170.9536        1346783.5246591615        366435301467.56110        2827643.2240684046        3.5121077846470983        8.8966964425237511E-003
   1.0661729222866199        4277119286169.3022        1349097.7253766514        356423889860.42621        2828317.0318797873        3.6138599644745666        9.1669324842732960E-003
   1.0670410346365971        4159077389519.9824        1351337.6641234572        346587064915.24536        2828765.2206259281        3.7190663164071975        9.4471066199286174E-003
   1.0679194794616289        4043127902971.8779        1353499.2594449546        336924607709.09570        2828978.6826781635        3.8278442142710536        9.7376146720054013E-003
   1.0688083797412367        3929267253566.3008        1355578.3854155128        327436220501.38293        2828948.1713345023        3.9403146132411910        1.0038869547623090E-002
   1.0697078599186718        3817490926360.3535        1357570.8886838362        318121527054.31104        2828664.3251181226        4.0566021908815273        1.0351302254796231E-002
   1.0706180459183379        3707793469154.4858        1359472.6077070455        308980073027.82159        2828117.6950149923        4.1768355086993481        1.0675363027181150E-002
   1.0715390651634209        3600168498193.7588        1361279.3944046171        300011326452.46942        2827298.7749042870        4.3011471985481098        1.1011522573824237E-002
   1.0724710465937271        3494608704859.4561        1362987.1385570318        291214678286.66431        2826198.0355327339        4.4296741792266072        1.1360273473754390E-002
   1.0734141206837335        3391105863354.0508        1364591.7954257852        282589443054.62762        2824805.9624742353        4.5625579100140969        1.1722131739263501E-002
   1.0743684194608560        3289650839347.8037        1366089.4172334087        274134859572.21912        2823113.0987663846        4.6999446898022459        1.2097638578059348E-002
   1.0753340765239305        3190233599662.5142        1367476.1895050588        265850091749.66714        2821110.0930865081        4.8419860130445764        1.2487362391421505E-002
   1.0763112270619177        3092843222914.5186        1368748.4736376747        257734229481.42233        2818787.7549523520        4.9888389978249297        1.2891901057988210E-002
   1.0773000078728283        2997467911178.0063        1369902.8577543527        249786289615.44595        2816137.1189070870        5.1406669066117221        1.3311884567546912E-002
   1.0783005573828752        2904095002608.9692        1370936.2187668097        242005217005.71597        2813149.5207114448        5.2976397884793656        1.3747978092749601E-002
   1.0793130156658526        2812710985011.0962        1371845.7998602036        234389885645.19498        2809816.6898124572        5.4599352829691865        1.4200885618777071E-002
   1.0803375244627442        2723301510333.6353        1372629.3094121346        226939099869.30576        2806130.8641359764        5.6277396422280255        1.4671354296853782E-002
   1.0813742272015696        2635851410019.2915        1373285.0497254073        219651595639.60043        2802084.9359378945        5.8012490518454767        1.5160179755041844E-002
   1.0824232690174607        2550344711136.9424        1373812.0872960624        212526041883.66937        2797672.6405776446        5.9806713639145404        1.5668212691267093E-002
   1.0834847967729822        2466764653194.6460        1374210.4805840717        205561041899.98306        2792888.8048369712        6.1662284028196712        1.6196367206990969E-002
   1.0845589590786908        2385093705477.7944        1374481.5869491547        198755134798.75894        2787729.6769971135        6.3581590688603695        1.6745631520447866E-002
   1.0856459063139410        2305313584711.3657        1374628.4775039931        192106796976.52847        2782193.3685873626        6.5567235536904152        1.7317081951881318E-002
   1.0867457906479370        2227405272824.6582        1374656.4976650509        185614443593.93283        2776280.4468841576        6.7622091013344461        1.7911901413601331E-002
   1.0878587660610366        2151349034556.4050        1374574.0220696218        179276430042.17447        2769994.7288646400        6.9749379086718957        1.8531404099632613E-002
   1.0889849883663072        2077124434502.7515        1374393.4655658018        173091053364.12613        2763344.3409730466        7.1952779701032092        1.9177068681199005E-002
   1.0901246152313397        2004710353100.0266        1374132.6270344590        167056553583.79300        2756343.1249892577        7.4236579447466138        1.9850583117062143E-002
   1.0912778062003217        1934085000761.9866        1373816.4595168473        161171114883.16617        2749012.4883290743        7.6605874752390442        2.0553905228931066E-002
   1.0924447227163721        1865225929181.1509        1373479.3778682800        155432866541.32623        2741383.8164510196        7.9066848290870189        2.1289344521903893E-002
   1.0936255281441440        1798110038755.6111        1373168.2326240519        149839883551.09305        2733501.5849713129        8.1627142820354628        2.2059672409279904E-002
   1.0948203877926945        1732713581385.8445        1372946.0939699914        144390186847.67825        2725427.3277921961        8.4296363324801113        2.2868270091412023E-002
   1.0960294689386272        1669012158272.8020        1372896.9993803168        139081743121.13116        2717244.6326138051        8.7086746407317754        2.3719325908424321E-002
   1.0972529408495109        1606980712715.7358        1373131.8180541547        133912464210.60744        2709065.3428750262        9.0014045393659785        2.4618097101498218E-002
   1.0984909748075764        1546593517616.6943        1373795.3679457982        128880206055.66312        2701037.1402655714        9.3098690715742496        2.5571254644223940E-002
   1.0997437441336952        1487824156323.0317        1375074.8778934388        123982767091.61604        2693352.6574200923        9.6367297896063828        2.6587334203648290E-002
   1.1010114242116449        1430645493900.9856        1377209.8064022057        119217885845.47794        2686260.2170189200        9.9854609847320077        2.7677321410926308E-002
   1.1022941925126604        1375029634776.5898        1380502.8958919269        114583237395.05179        2680076.1997636841        10.360597614336506        2.8855405505530691E-002
   1.1035922286202817        1320947863138.7998        1385332.1417722460        110076428389.27046        2675198.8956457241        10.768048921159139        3.0139942087680355E-002
   1.1049057142554932        1268370565220.9617        1392163.0771837968        105694990557.85822        2672123.4753329805        11.215491577199240        3.1554673177915382E-002
   1.1062348333021645        1217267137293.3665        1401560.4141103353        101436373029.60135        2671457.4168624729        11.712858100143739        3.3130261015476038E-002
   1.1075797718327944        1167605888351.1338        1414197.6584390702        97297934208.927185        2673935.3290975294        12.272938258304672        3.4906200969946767E-002
   1.1089407181345596        1119353949983.7632        1430862.8860278670        93276934252.910461        2680431.6353987926        12.912113187826916        3.6933188482121369E-002
   1.1103178627356742        1072477206134.2878        1452458.5368689203        89370529209.196304        2691969.0572934360        13.651243998440634        3.9276024910404071E-002
   1.1117113984320637        1026940252096.9547        1479993.0195852569        85575767596.964890        2709720.3560957136        14.516738767567956        4.2017157264825931E-002
   1.1131215203143556        982706386802.32019        1514562.3160468377        81889589770.106125        2735000.5017929953        15.541824064615261        4.5260956651320260E-002
   1.1145484257951916        939737637931.40210        1557320.7957385264        78308830027.758301        2769246.5551574188        16.768049573549490        4.9138849221688666E-002
   1.1159923146368642        897994818693.79248        1609442.1000286983        74830221377.121582        2813983.3015108006        18.247057067701622        5.3815420635015314E-002
   1.1174533889792835        857437619819.64075        1672072.9781075111        71450403244.287903        2870774.2133768420        20.042648010262567        5.9495619177383927E-002
   1.1189318533682751        818024750186.07947        1746284.7940271471        68165933251.411980        2941159.5737289782        22.233187471268810        6.6433181880297065E-002
   1.1204279147842173        779714152215.33765        1833028.3782512171        64973305232.682213        3026586.1529018222        24.914385918209671        7.4940399591921891E-002
   1.1219417826710170        742463330118.59766        1933097.4471280628        61868976657.337791        3128334.9761900739        28.202504788662715        8.5399317471633304E-002
   1.1234736689654303        706229836621.33325        2047103.9525802289        58849409254.806427        3247454.6456418210        32.238036570172241        9.8274432290338040E-002
   1.1250237881267353        670971964017.86792        2175466.0516288090        55911126655.910164        3384706.9063426270        37.189915208491513       0.11412689185068238     
   1.1265923571667531        636649676704.94800        2318406.8437761902        53050792141.690376        3540528.8245046875        43.260317483710047       0.13363011889971566     
   1.1281795956802303        603225804238.20996        2475960.4285941902        50265308085.284073        3715012.8456737660        50.690119357644555       0.15758666650723638     
   1.1297857258755815        570667486648.83521        2647981.5137957409        47551936399.375450        3907903.1609375379        59.765071183236380       0.18694596018620699     
   1.1314109726059973        538947827843.58282        2834155.5575921158        44908436311.075249        4118605.0378298480        70.822749088965566       0.22282239416050997     
   1.1330555634009229        508047669347.99939        3034007.7647000733        42333212156.018250        4346203.3534032768        84.260322890381403       0.26651303224086137     
   1.1347197284979127        477957347690.82794        3246910.6711784913        39825459802.998604        4589487.2655277746        100.54314899235229       0.31951393536966416     
   1.1364037008748613        448678249072.33167        3472091.2101403079        37385296181.265213        4846979.2518087560        120.21414539973382       0.38353392937030317     
   1.1381077162826210        420223933134.08002        3708638.8937903936        35013852895.691658        5116968.0823137276        143.90383162617684       0.46050448411937983     
   1.1398320132780047        392620576354.53326        3955517.0449207686        32713313139.824730        5397546.2586141452        172.34081750599304       0.55258435769070791     
   1.1415768332571850        365906500027.47479        4211578.8830357986        30486872319.374477        5686652.8226092691        206.36240267919868       0.66215782710080462     
   1.1433424204894866        340130611404.21844        4475589.7547826730        28338608100.363224        5982122.1638207268        246.92480543203405       0.79182572778568672     
   1.1451290221515857        315349704504.34198        4746255.9542953949        26273255424.507435        6281738.6239920193        295.11237760796752       0.94438916650324933     
   1.1469368883621123        291624729615.53101        5022259.5097715314        24295895578.049747        6583295.5151007874        352.14498112111460        1.1228266078953704     
   1.1487662722166663        269016319948.08820        5302297.1810887009        22411583355.465607        6884655.9133735914        419.38250122356106        1.3302659457698864     
   1.1506174298232510        247580018834.13089        5585120.9327734681        20624949270.480316        7183811.5821240572        498.32526290867423        1.5699539821197455     
   1.1524906203381255        227361737753.05603        5869576.5368642481        18939821008.515182        7478935.8881521989        590.60893776664659        1.8452262582970991     
   1.1543861060020881        208393964734.44626        6154636.8849421320        17358907420.040619        7768426.7752617095        697.99245656343555        2.1594802618769924     
   1.1563041521771877        190693131487.64545        6439427.1003937852        15883579086.916496        8050936.7454413883        822.33758588800890        2.5161546147006870     
   1.1582450273838738        174258362490.89545        6723239.5573442113        14513764065.667383        8325388.2033401551        965.57928577373593        2.9187160055582027     
   1.1602090033385886        159071617037.22534        7005538.2330537122        13247959724.419930        8590974.1557482574        1129.6867741967585        3.3706545554836325     
   1.1621963549918073        145099045825.68420        7285953.1820883751        12083345804.124111        8847145.7994310390        1316.6163061890725        3.8754872483054954     
   1.1642073605665288        132293254176.62810        7564267.0677427873        11015973041.567202        9093589.7144238818        1528.2578380539235        4.4367682628386467     
   1.1662423015972272        120596108941.09572        7840396.4134699367        10040997106.844952        9330198.0371720120        1766.3787358049958        5.0581046566319507     
   1.1683014629692656        109941739493.87390        8114370.4528466770        9152928717.7110004        9557035.0969041642        2032.5682712140119        5.7431758941674458     
   1.1703851329587784        100259444423.99393        8386310.1809545290        8345875895.9284506        9774303.6435224172        2328.1867023764194        6.4957560795020539     
   1.1724936032730300        91476299663.957718        8656409.5408800822        7613761341.5412092        9982313.1000278853        2654.3222656960925        7.3197382608761909     
   1.1746271690912522        83519350152.618347        8924919.8298401926        6950505098.3194494        10181451.451048963        3011.7585473568347        8.2191606231106071     
   1.1767861291059689        76317340751.017212        9192137.5456815306        6350168819.4346380        10372161.550565207        3400.9536460732352        9.1982346270140880     
   1.1789707855648117        69801996857.215317        9458395.1993081495        5807062503.7898464        10554921.941793675        3822.0314848678868        10.261375126715523     
   1.1811814443128341        63908899993.215370        9724054.1757791210        5315817476.0763111        10730231.780925054        4274.7847266814797        11.413232217168961     
   1.1834184148353284        58578021493.580582        9989498.5619038530        4871430871.9621572        10898599.164971976        4758.6880802988817        12.658724115338002     
   1.1856820103011521        53753982602.148666        10255128.929897314        4469287321.3592377        11060532.056748077        5272.9203673127786        14.003069865993883     
   1.1879725476065726        49386106172.390068        10521355.302493133        4105163263.4156895        11216531.032370130        5816.3935291253583        15.451820186033109     
   1.1902903474196294        45428317432.194916        10788588.843842119        3775218682.2892632        11367083.197043521        6387.7867319578181        17.010884394559426     
   1.1926357342250276        41838941611.341469        11057232.154067392        3475980247.3134193        11512656.776762389        6985.5838182951602        18.686551162585566     
   1.1950090363695653        38580436396.346588        11327668.344486667        3204319021.6863108        11653696.062400198        7608.1125035793248        20.485500774368656     
   1.1974105861081001        35619088183.425964        11600249.307678238        2957425154.0651608        11790616.535680594        8253.5838892659813        22.414806719099658     
   1.1998407196500644        32924693413.732800        11875283.758932231        2732781326.8819089        11923800.133000081        8920.1310359227264        24.481924715726421     
   1.2022997772065329        30470240022.193466        12153025.711771987        2528136213.9535952        12053590.698854202        9605.8455047278912        26.694667693758564     
   1.2047881030378524        28231599135.604313        12433664.063800232        2341478791.9997258        12180289.747111123        10308.810935269210        29.061165785677716     
   1.2073060455018363        26187233445.794090        12717313.918173863        2171014041.4223685        12304152.687536635        11027.132889319566        31.589811000103222     
   1.2098539571025329        24317925954.319195        13004010.161012329        2015140344.2745004        12425385.690648060        11758.964363026513        34.289186905127409     
   1.2124321945395762        22606530835.910843        13293703.669540130        1872428724.8726411        12544143.358927552        12502.526558446438        37.167984317367932     
   1.2150411187581227        21037746819.149036        13586260.354946436        1741603966.1336386        12660527.349948388        13256.124708914915        40.234904623655794     
   1.2176810949993806        19597912585.062199        13881463.064460374        1621527559.9207921        12774586.060278360        14018.158964145123        43.498552918569082     
   1.2203524928517460        18274823117.821789        14179016.195578497        1511182402.5089679        12886315.432318939        14787.130548245223        46.967323587547874     
   1.2230556863025401        17057565611.385891        14478552.725522118        1409659118.7819736        12995660.893204082        15561.643591907323        50.649281275502858     
   1.2257910537903696        15936373372.004509        14779643.242198789        1316143885.1694832        13102520.380870385        16340.403195084669        54.552040339598420     
   1.2285589782581041        14902496104.952696        15081806.485248074        1229907617.0757155        13206748.361282546        17122.210387022304        58.682645887873967     
   1.2313598472064895        13948084996.685497        15384520.869228397        1150296388.4902904        13308160.696819393        17905.954710672086        63.047459360015999     
   1.2341940527483950        13066091072.981911        15687236.463175708        1076722957.2958772        13406540.192122092        18690.605168113074        67.652051331220406     
   1.2370619916637087        12250175410.064093        15989386.935928879        1008659277.8391761        13501642.621812370        19475.200227273053        72.501103838804354     
   1.2399640654548851        11494629886.174030        16290401.037226690        945629891.55748212        13593203.035446035        20258.837517335076        77.598324074980894     
   1.2429006804031542        10794307276.280329        16589713.261748947        887206096.05648410        13680942.137927888        21040.663741692249        82.946370789956575     
   1.2458722476253994        10144559607.049665        16886773.428802326        833000802.56390738        13764572.556985604        21819.865224935875        88.546794238333774     
   1.2488791831317134        9541183799.1620579        17181054.996711466        782664000.83653235        13843804.831055425        22595.659395106555        94.399990008377841     
   1.2519219078836377        8980373727.4627666        17472062.012327116        735878759.19121814        13918352.978351034        23367.287392834267        100.50516662086541     
   1.2550008478530956        8458677925.1872501        17759334.668110009        692357695.28270590        13987939.538487261        24134.007901517591        106.86032639098585     
   1.2581164340820270        7972962246.1529474        18042453.499380063        651839860.53897595        14052300.009639068        24895.092211481267        113.46225872724426     
   1.2612691027427343        7520376878.4335642        18321042.301551890        614087987.76030660        14111186.634346481        25649.820466933270        120.30654479779336     
   1.2644592951989431        7098327174.8785925        18594769.881501935        578886057.36356544        14164371.515045324        26397.478998539598        127.38757233409848     
   1.2676874580675932        6704447830.1993237        18863350.779440481        546037143.08424890        14211649.064203491        27137.358613710265        134.69855925474261     
   1.2709540432813626        6336579991.9244757        19126545.109512899        515361502.73326445        14252837.813917920        27868.753700235440        142.23158477600745     
   1.2742595081519374        5992750943.6699715        19384157.670374949        486694883.85378993        14287781.625310667        28590.961993572691        149.97762671929735     
   1.2776043154340337        5671156044.4725475        19636036.473094754        459887017.88134092        14316350.349066909        29303.284860957385        157.92660381513346     
   1.2809889333901823        5370142648.0183907        19882070.824872848        434800279.74963677        14338439.996002337        30005.027965238671        166.06742193238259     
   1.2844138358562827        5088195760.7775917        20122189.094555665        411308492.80435920        14353972.480167257        30695.502184366440        174.38802331140482     
   1.2878795023079401        4823925228.9948616        20356356.271398179        389295861.46793288        14362894.998163519        31374.024678428894        182.87543804612517     
   1.2913864179275896        4576054271.5370407        20584571.413016699        368656016.35310483        14365179.107133839        32039.920012968949        191.51583722951281     
   1.2949350736724203        4343409199.2029819        20806865.062883645        349291158.48551536        14360819.560683567        32692.521263607538        200.29458733814005     
   1.2985259663431081        4124910181.6689920        21023296.702683561        331111291.01993048        14349832.958043432        33331.171043463182        209.19630558634685     
   1.3021595986533661        3919562941.0819340        21233952.290753409        314033528.32170475        14332256.256636497        33955.222409437039        218.20491611448597     
   1.3058364793003228        3726451266.8476543        21438941.925252263        297981473.58254904        14308145.192837393        34564.039616890397        227.30370698842907     
   1.3095571230357383        3544730259.5436621        21638397.659247424        282884657.26249772        14277572.650187938        35156.998704272606        236.47538807987075     
   1.3133220507380678        3373620223.5157847        21832471.485130910        268678029.62151879        14240627.008849367        35733.487899646876        245.70214996166393     
   1.3171317894853836        3212401137.7684498        22021333.497396640        255301501.44790491        14197410.504990933        36292.907850371106        254.96572399491259     
   1.3209868726291623        3060407643.4193368        22205170.235647231        242699527.81481528        14148037.623881150        36834.671684831708        264.24744380093603     
   1.3248878398689554        2917024493.5090828        22384183.203870982        230820730.32850274        14092633.546200167        37358.204922148201        273.52830830757773     
   1.3288352373279428        2781682417.4499164        22558587.557249337        219617553.87417412        14031332.663103852        37862.945251386162        282.78904653217421     
   1.3328296176293901        2653854358.0094619        22728610.943815649        209045954.33939794        13964277.172296587        38348.342207207075        292.01018422387529     
   1.3368715399740132        2533052043.6110086        22894492.485309355        199065114.20163181        13891615.764311895        38813.856772976636        301.17211242726842     
   1.3409615702182656        2418822862.9589396        23056481.879150707        189637183.22250775        13813502.405739000        39258.960946234984        310.25515796123017     
   1.3451002809535553        2310747012.6838117        23214838.601707235        180727041.80104914        13730095.224070219        39683.137304811498        319.23965572991193     
   1.3492882515864060        2208434891.9131575        23369831.191750798        172302084.80585787        13641555.496981246        40085.878614334040        328.10602269807958     
   1.3535260684195731        2111524720.4798458        23521736.592163488        164332023.94271055        13548046.747451512        40466.687520241001        336.83483328008435     
   1.3578143247341241        2019680359.9437149        23670839.527540263        156788706.92017508        13449733.944899144        40825.076368966140        345.40689580857213     
   1.3621536208724951        1932589318.7549684        23817431.895182926        149645951.85670608        13346782.811469173        41160.567203925246        353.80332967236933     
   1.3665445643225380        1849960924.8108406        23961812.147423599        142879395.53158760        13239359.231646374        41472.691981775883        362.00564263813391     
   1.3709877698025654        1771524650.3104620        24104284.643515382        136466354.22510007        13127628.762795426        41760.993054401559        369.99580782013828     
   1.3754838593474115        1697028575.3301818        24245158.950511161        130385696.01570627        13011756.243298750        42025.023959582344        377.75633970646572     
   1.3800334623955126        1626237977.8494709        24384749.073630482        124617723.51499015        12891905.494490284        42264.350561040992        385.27036862474858     
   1.3846372158770284        1558934039.1355090        24523372.598167084        119144066.11888202        12768239.111864358        42478.552574199435        392.52171301337319     
   1.3892957643030093        1494912654.4515462        24661349.726937994        113947580.94242916        12640918.340438057        42667.225508550830        399.49494886512798     
   1.3940097598556258        1433983339.9886520        24799002.199429326        109012261.68452854        12510103.028527789        42829.983050696785        406.17547573051604     
   1.3987798624794725        1375968227.7610383        24936652.081298042        104323154.73978475        12375951.653534207        42966.459903598297        412.54957870359226     
   1.4036067399739580        1320701140.9668384        25074620.415812038        99866281.938848734        12238621.412702193        43076.315087690913        418.60448586348258     
   1.4084910680867948        1268026742.9905863        25213225.731884427        95628569.355635077        12098268.371116085        43159.235697947748        424.32842070961698     
   1.4134335306086017        1217799753.8337171        25352782.406720132        91597781.672583878        11955047.658644473        43214.941098551433        429.71064920850034     
   1.4184348194686323        1169884228.3198926        25493598.884862706        87762461.641002715        11809113.706790494        43243.187522369946        434.74152114803940     
   1.4234956348316432        1124152890.9106746        25635975.759098496        84111874.216887832        11660620.515957961        43243.773028072981        439.41250559134573     
   1.4286166851959148        1080486522.4220679        25780203.722670704        80635954.990779757        11509721.943118697        43216.542752229347        443.71622031109320     
   1.4337986874924389        1038773394.3455838        25926561.406364333        77325262.564036161        11356571.999338120        43161.394377723314        447.64645516743332     
   1.4390423671852868        998908746.83382881        26075313.117726658        74170934.557279110        11201325.146639772        43078.283725869587        451.19818948856334     
   1.4443484583731714        960794306.76269901        26226706.503865819        71164646.962911800        11044136.583257541        42967.230364247247        454.36760356881217     
   1.4497177038922193        924337842.57322013        26380970.162634958        68298576.581249267        10885162.506717360        42828.323111042788        457.15208447351552     
   1.4551508554199657        889452752.88210678        26538311.230518401        65565366.301196627        10724560.344237765        42661.725305580032        459.55022637269633     
   1.4606486735805864        856057686.09830606        26698912.978343382        62958093.008450277        10562488.940664234        42467.679708253614        461.56182566093082     
   1.4662119280513826        824076188.51372099        26862932.448349468        60470237.922128670        10399108.694836989        42246.512889127909        463.18787112712408     
   1.4718413976705347        793436378.54859114        27030498.167961463        58095659.177582905        10234581.636342056        41998.638964973739        464.43052943000919     
   1.4775378705461357        764070645.02101374        27201707.976606186        55828566.487675883        10069071.435819166        41724.562549313036        465.29312611200174     
   1.4833021441665242        735915367.48804331        27376627.002255175        53663497.728696816        9902743.3436037004        41424.880790139410        465.78012234892111     
   1.4891350255119304        708910656.86774528        27555285.823869187        51595297.308064923        9735764.0530423298        41100.284383911814        465.89708758168820     
   1.4950373311674516        683000114.69809747        27737678.854507953        49619096.181631096        9568301.4867125712        40751.557473666355        465.65066812483451     
   1.5010098874373696        658130609.52685428        27923762.977704156        47730293.397893853        9400524.5057759769        40379.576362503583        465.04855179220243     
   1.5070535304608330        634252069.05125070        28113456.466652490        45924539.054098718        9232602.5445968658        39985.307000118031        464.09942852684384     
   1.5131691063289128        611317286.74284363        28306638.211992968        44197718.556974478        9064705.1748254597        39569.801229862394        462.81294698225332     
   1.5193574712030520        589281741.80036128        28503147.279536176        42545938.087242119        8897001.6050057244        39134.191814840982        461.19966697212561     
   1.5256194914349270        568103431.36975515        28702782.814174134        40965511.173201747        8729660.1235658061        38679.686293433624        459.27100769899812     
   1.5319560436877326        547742714.06626773        28905304.300912984        39452946.284094952        8562847.4945478588        38207.559745357088        457.03919167840246     
   1.5383680150589134        528162163.91298336        29110432.188079048        38004935.359320097        8396728.3167687040        37719.146578689819        454.51718431435552     
   1.5448563032043534        509326433.89118207        29317848.871980153        36618343.194513552        8231464.3580579245        37215.831474046689        451.71862913688835     
   1.5514218164640461        491202128.36811072        29527200.036430396        35290197.610305659        8067213.8768526455        36699.039643830802        448.65777879304255     
   1.5580654739892590        473757683.73314095        29738096.334861934        34017680.334231421        7904130.9436891275        36170.226581152419        445.34942198225019     
   1.5647882058712117        456963256.63436455        29950115.397452984        32798118.531131700        7742364.7750768512        35630.867484227281        441.80880664154148     
   1.5715909532712853        440790619.26245898        30162804.140804924        31628976.921679661        7582059.0917179268        35082.446546830666        438.05155980770269     
   1.5784746685527828        425213061.17776567        30375681.353338655        30507850.433724452        7423351.5123682395        34526.446304986603        434.09360471404062     
   1.5854403154142565        410205297.22507274        30588240.526039537        29432457.335050046        7266372.9934002329        33964.337222516260        429.95107579361047     
   1.5924888690244234        395743381.11768866        30799952.895031814        28400632.801483855        7111247.3230370274        33397.567687166702        425.64023238201588     
   1.5996213161586850        381804624.31270891        31010270.660365745        27410322.878019821        6958090.6775588086        32827.554571578527        421.17737199791520     
   1.6068386553372731        368367519.83286643        31218630.343941681        26459578.795157421        6807011.2452203287        32255.674493299433        416.57874415031409     
   1.6141418969650396        355411670.71775395        31424456.248613875        25546551.607015077        6658108.9220144842        31683.255885457907        411.86046566868924     
   1.6215320634729102        342917722.81669748        31627163.980599932        24669487.121326763        6511475.0816276586        31111.571964430474        407.03843855755787     
   1.6290101894610203        330867301.65788209        31826163.997842997        23826721.095381271        6367192.4203771129        30541.834655835948        402.12827136075578     
   1.6365773218435571        319242953.15043312        32020865.148204338        23016674.675262477        6225334.8763572825        29975.189514903781        397.14520496753181     
   1.6442345199953246        308028087.89368832        32210678.162969753        22237850.058980282        6085967.6206667395        29412.711653493749        392.10404371552858     
   1.6519828559000511        297206928.88582635        32395019.073344372        21488826.366749782        5949147.1173215266        28855.402663658078        387.01909253795964     
   1.6598234143004653        286764462.43871349        32573312.520082667        20768255.704182565        5814921.2474292181        28304.188507893956        381.90410077711630     
   1.6677572928501554        276686392.11711591        32744994.929019835        20074859.406583864        5683329.4924508501        27759.918329755306        376.77221315104202     
   1.6757856022672384        266959095.53475279        32909517.528377105        19407424.453915566        5554403.1705936138        27223.364123709562        371.63592820342620     
   1.6839094664898562        257569583.84791988        33066349.186658915        18764800.048043787        5428165.7200975753        26695.221193098889        366.50706442145002     
   1.6921300228335241        248505463.79751018        33214979.053129032        18145894.344830234        5304633.0228331173        26176.109316749746        361.39673405332070     
   1.7004484221503509        239754902.15824127        33354918.985980533        17549671.334835649        5183813.7616049079        25666.574540160480        356.31532451704265     
   1.7088658289901548        231306592.46172047        33485705.756436147        16975147.867136091        5065709.8046119493        25167.091504824446        351.27248716119504     
   1.7173834217634973        223149723.86645851        33606903.019999303        16421390.811341539        4950316.6107156891        24678.066229339500        346.27713302461996     
   1.7260023929066559        215273952.05405644        33718103.048983105        15887514.353478530        4837623.6495224945        24199.839258280408        341.33743514576429     
   1.7347239490485622        207669372.03695491        33818928.223208345        15372677.421480201        4727614.8306140294        23732.689098191848        336.46083689295125     
   1.7435493111797249        200326492.76771641        33909032.278301544        14876081.236437142        4620268.9367908221        23276.835865503395        331.65406573112483     
   1.7524797148231672        193236213.44531515        33988101.313458778        14396966.985754142        4515560.0566590540        22832.445076963242        326.92315179994523     
   1.7615164102073941        186389801.41843638        34055854.562715970        13934613.614354610        4413458.0124026500        22399.631519752405        322.27345065754253     
   1.7706606624414203        179778871.58978853        34112044.935722627        13488335.730190517        4313928.7791585308        21978.463145676884        317.70966954140920     
   1.7799137516918830        173395367.23023042        34156459.335833505        13057481.620152742        4216934.8928954909        21568.964940686026        313.23589650654679     
   1.7892769733622600        167231542.11490679        34188918.764825635        12641431.372529458        4122435.8442459805        21171.122728214814        308.85563182587595     
   1.7987516382742226        161279943.89788625        34209278.224916354        12239595.102009648        4030388.4561908776        20784.886871426537        304.57182106957094     
   1.8083390728511470        155533398.64546683        34217426.429878138        11851411.273218786        3940747.2439633189        20410.175845905786        300.38688932137643     
   1.8180406193038077        149984996.45180258        34213285.337945499        11476345.118781229        3853464.7559717931        20046.879660394407        296.30277603722647     
   1.8278576358182845        144628078.06423661        34196809.519922636        11113887.147755412        3768491.8948750761        19694.863108335150        292.32097010075245     
   1.8377914967461044        139456222.44898042        34167985.376414016        10763551.740415310        3685778.2183254515        19353.968838115477        288.44254468354865     
   1.8478435927966448        134463235.23161680        34126830.218483984        10424875.825258996        3605272.2191508934        19024.020233958716        284.66819156877807     
   1.8580153312318299        129643137.94948231        34073391.226121359        10097417.634250931        3526921.5850413167        18704.824103387713        280.99825465064254     
   1.8683081360631433        124990158.05741073        34007744.299058951        9780755.5322352778        3450673.4379668888        18396.173170029615        277.43276236744089     
   1.8787234482509829        120498719.62999879        33929992.814152032        9474486.9166884534        3376474.5538091999        18097.848373674515        273.97145887747166     
   1.8892627259063937        116163434.70826122        33840266.303479820        9178227.1839037370        3304271.5627603680        17809.620981227756        270.61383382462759     
   1.8999274444951970        111979095.24033237        33738719.066778384        8891608.7579444516        3234011.1312262798        17531.254514382206        267.35915058381022     
   1.9107190970445509        107940665.56962238        33625528.731435992        8614280.1787149422        3165640.1260167067        17262.506500944597        264.20647290858585     
   1.9216391943519702        104043275.42656240        33500894.772703093        8345905.2456757771        3099105.7616912480        17003.130057911134        261.15468993506374     
   1.9326892651968339        100282213.38257623        33365037.006065011        8086162.2138720416        3034355.7319832132        16752.875315195637        258.20253952391931     
   1.9438708565544069        96652920.728173405        33218194.063123059        7834743.0390594080        2971338.3262354452        16511.490689290596        255.34862994350908     
   1.9551855338124153        93150985.739270866        33060621.861492574        7591352.6688474901        2910002.5317947702        16278.724016435137        252.59145991770345     
   1.9666348809901928        89772138.298691139        32892592.078529499        7355708.3769927472        2850298.1233321428        16054.323555065266        249.92943707715668     
   1.9782205009604390        86512244.842024401        32714390.637822080        7127539.1380328108        2792175.7400110373        15838.038867081981        247.36089486572871     
   1.9899440156736183        83367303.599459827        32526316.216611210        6906585.0396830821        2735586.9514366174        15629.621587466558        244.88410796388223     
   2.0018070663850267        80333440.107560828        32328678.781504713        6692596.7305084663        2680484.3132668091        15428.826091349621        242.49730629741958     
   2.0138113138845624        77406902.966789827        32121798.158981021        6485334.9005571362        2626821.4133484084        15235.410067395911        240.19868770659301     
   2.0259584387292295        74584059.822981954        31906002.646473605        6284569.7927631084        2574552.9091912135        15049.135005864764        237.98642935223552     
   2.0382501414784144        71861393.552457452        31681627.668962479        6090080.7430896498        2523634.5575699778        14869.766609393888        235.85869793924127     
   2.0506881429319552        69235498.632555947        31449014.485315964        5901655.7474787673        2474023.2369822529        14697.075133949345        233.81365883688946     
   2.0632741843710511        66703077.681165695        31208508.947960176        5719091.0538078696        2425676.9636494759        14530.835666912690        231.84948417409643     
   2.0760100278020346        64260938.149823107        30960460.318636227        5542190.7772167940        2378554.9017315395        14370.828349000472        229.96435998892699     
   2.0888974562030462        61905989.157102793        30705220.142532684        5370766.5372116277        2332617.3683416308        14216.838545937131        228.15649250620118     
   2.1019382737736487        59635238.450018689        30443141.182411034        5204637.1151032019        2287825.8339298395        14068.656975511200        226.42411361580949     
   2.1151343061874068        57445789.482355997        30174576.413777456        5043628.1304428047        2244142.9185646996        13926.079795214770        224.76548562151180     
   2.1284874008474759        55334838.600280404        29899878.081716839        4887571.7351827640        2201532.3845847147        13788.908655103323        223.17890532509116     
   2.1419994271452345        53299672.326455273        29619396.819512747        4736306.3244037190        2159959.1260666475        13656.950720198591        221.66270750778406     
   2.1556722767219907        51337664.734777227        29333480.828724355        4589676.2625415977        2119389.1555265072        13530.018666416701        220.21526786798722     
   2.1695078637338083        49446274.909077734        29042475.120125443        4447531.6240790468        2079789.5882065890        13407.930653423995        218.83500546804933     
   2.1835081251194808        47623044.479548864        28746720.814478394        4309727.9477978442        2041128.6243032331        13290.510277739428        217.52038474159053     
   2.1976750208716989        45865595.231582701        28446554.501881331        4176126.0037314156        2003375.5294446643        13177.586508974822        216.26991710798018     
   2.2120105343114407        44171626.782416761        28142307.658186767        4046591.5719867093        1966500.6136816328        13068.993611679734        215.08216223647025     
   2.2265166723656336        42538914.321366742        27834306.116739538        3920995.2327316171        1930475.2092643587        12964.571055263968        213.95572900037035     
   2.2411954658481128        40965306.410161570        27522869.593558386        3799212.1666436493        1895271.6474239405        12864.163413993385        212.88927615690466     
   2.2560489697439352        39448722.840225644        27208311.263890319        3681121.9651737600        1860863.2343587806        12767.620258874018        211.88151278626611     
   2.2710792634970671        37987152.544193901        26890937.387988564        3566608.4500576835        1827224.2266220511        12674.796043148743        210.93119852003926     
   2.2862884513014987        36578651.559333496        26571046.983859062        3455559.5015039970        1794329.8060620949        12585.549982764227        210.03714358628457     
   2.3016786623958279        35221341.040858150        26248931.544685557        3347866.8945671623        1762156.0544704748        12499.745933142309        209.19820869592897     
   2.3172520513613448        33913405.323331639        25924874.798557866        3243426.1432211204        1730679.9280616350        12417.252263338563        208.41330479323040     
   2.3330107984236683        32653090.028705120        25599152.508168258        3142136.3516955082        1699879.2318977101        12337.941728549133        207.68139268992743     
   2.3489571097579667        31438700.219562981        25272032.308075514        3043900.0726854359        1669732.5943723372        12261.691341932426        207.00148260189141     
   2.3650932177978223        30268598.596597239        24943773.577242862        2948623.1720185429        1640219.4418176098        12188.382246275743        206.37263360315785     
   2.3814213815477570        29141203.739131454        24614627.344472598        2856214.6994608152        1611319.9733344030        12117.899586344842        205.79395301306204     
   2.3979438868994922        28054988.387946222        24284836.224515639        2766586.7653108342        1583015.1358983256        12050.132382332671        205.26459572807903     
   2.4146630469519637        27008477.769523915        23954634.382586762        2679654.4224794297        1555286.5998029674        11984.973404917308        204.78376351053365     
   2.4315812023351482        26000247.961099770        23624247.525179151        2595335.5537722153        1528116.7344903073        11922.319052314662        204.35070424317624     
   2.4487007215377457        25028924.295802716        23293892.915037915        2513550.7640946386        1501488.5848039105        11862.069229617086        203.96471115909162     
   2.4660240012387575        24093179.807358459        22963779.408330154        2434223.2773473691        1475385.8477098655        11804.127230763805        203.62512205359079     
   2.4835534666430181        23191733.713751286        22634107.512025561        2357278.8377510523        1449792.8494989534        11748.399623244573        203.33131848543741     
   2.5012915718207118        22323349.939347606        22305069.459674045        2282645.6154016578        1424694.5235061033        11694.796135816707        203.08272497227412     
   2.5192408000509388        21486835.674989071        21976849.303815778        2210254.1158383437        1400076.3883579886        11643.229549305794        202.87880818481756     
   2.5374036641693620        20681039.975489601        21649623.023306064        2140037.0934325862        1375924.5267664527        11593.615590638155        202.71907614455964     
   2.5557827069200023        19904852.394165412        21323558.644037113        2071929.4684077869        1352225.5648694658        11545.872830079652        202.60307742648902     
   2.5743805013112082        19157201.653745946        20998816.371462945        2005868.2473289191        1328966.6521383338        11499.922581864606        202.53040037130401     
   2.5931996509758721        18437054.353342548        20675548.733620256        1941792.4468908762        1306135.4418443136        11455.688808110330        202.50067230660224     
   2.6122427905359320        17743413.710809473        20353900.733210851        1879643.0208532040        1283720.0720905638        11413.098026097427        202.51355878057063     
   2.6315125859712083        17075318.340096571        20034010.007581249        1819362.7899785182        1261709.1474065555        11372.079218865558        202.56876280710983     
   2.6510117349926325        16431841.063010354        19716006.995394770        1760896.3748349166        1240091.7209012792        11332.563749105278        202.66602412363002     
   2.6707429674199195        15812087.754900260        19400015.108961672        1704190.1313366289        1218857.2769715367        11294.485276307387        202.80511845996151     
   2.6907090455637332        15215196.223602379        19086150.911126893        1649192.0888933802        1197995.7145571962        11257.779677132681        202.98585682000700     
   2.7109127646124014        14640335.121263675        18774524.295933247        1595851.8910582548        1177497.3309346228        11222.384968888049        203.20808477138084     
   2.7313569530232327        14086702.888268502        18465238.672049105        1544120.7385622270        1157352.8060445969        11188.241236146510        203.47168174501104     
   2.7520444729184934        13553526.728826230        18158391.148275785        1493951.3346252488        1137553.1873362858        11155.290560316951        203.77656034010391     
   2.7729782204860935        13040061.617566394        17854072.720382161        1445297.8324541147        1118089.8751260859        11123.476952194680        204.12266563267539     
   2.7941611263850463        12545589.336504178        17552368.458566487        1398115.7848197268        1098954.6084510579        11092.746287330403        204.50997448552783     
   2.8155961561557481        12069417.541799378        17253357.694989175        1352362.0956351883        1080139.4514132219        11063.046244205590        204.93849485517200     
   2.8372863106351485        11610878.859664371        16957114.210805859        1307994.9734418725        1061636.7799973986        11034.326245079479        205.40826509246372     
   2.8592346263768551        11169330.010749405        16663706.422167338        1264973.8867179535        1043439.2693483792        11006.537399414892        205.91935323350822     
   2.8814441760762426        10744150.962392924        16373197.564764388        1223259.5209404200        1025539.8815010139        10979.632449852519        206.47185627608576     
   2.9039180690006221        10334744.107982067        16085645.876395868        1182813.7373027464        1007931.8535348069        10953.565720520359        207.06589943835445     
   2.9266594514245261        9940533.4729121849        15801104.777301081        1143599.5330459003        990608.68615727010        10928.293067708644        207.70163539648789     
   2.9496715070701782        9560963.9456008226        15519623.047027400        1105581.0032195617        973564.13263997657        10903.771832516761        208.37924350978344     
   2.9729574575532030        9195500.5342733599        15241244.998608902        1068723.3039689779        956792.18816380610        10879.960795438170        209.09892903891313     
   2.9965205628336458        8843627.6421949305        14966010.642985176        1032992.6165237130        940287.07917327317        10856.820131605293        209.86092245547090     
   3.0203641216723538        8504848.3701086324        14693955.850503808        998356.11283995735        924043.25311273395        10834.311365432553        210.66547898725503     
   3.0444914720927914        8178683.7970824931        14425112.458789589        964781.91738996550        908055.36574770068        10812.397317346407        211.51287913614684     
   3.0689059918483563        7864672.3273310428        14159508.404228617        932239.07468283072        892318.27023363556        10791.042038782200        212.40343069165147     
   3.0936110988952512        7562368.9398294194        13897167.749326035        900697.50493532245        876827.00123387144        10770.210773474299        213.33746822686444     
   3.1186102518709893        7271346.4892639471        13638113.243556047        870128.19928841048        861576.90084925073        10749.870627417067        214.31527670952102     
   3.1439069505785904        6991207.8729852233        13382384.498120276        840504.73458660417        846564.62554964784        10729.997331334620        215.33634525834842     
   3.1695047364765454        6721528.0663471445        13129959.558789078        811796.36396808818        831783.71793827682        10710.546904326146        216.40243291033073     
   3.1954071931746064        6461930.4638020974        12880858.729304349        783977.16833454603        817230.43221663684        10691.492426553423        217.51360981872773     
   3.2216179469354822        6212047.9677221375        12635093.752555164        757021.47156393062        802900.85937320197        10672.806137093070        218.67015974076838     
   3.2481406671825046        5971525.3195638778        12392671.517445019        730904.14834202593        788791.12133299478        10654.460621146769        219.87245319967434     
   3.2749790670133341        5740019.7084130114        12153595.612309679        705600.73048387142        774897.44433620945        10636.429275481729        221.12089367221893     
   3.3021369037197834        5517200.6350132050        11917866.892290676        681087.42442319239        761216.17726986739        10618.686437214592        222.41589886316515     
   3.3296179793138263        5302749.5632840395        11685483.742423670        657341.10241130635        747743.79332529032        10601.207409548228        223.75789272937922     
   3.3574261410598658        5096359.5191291729        11456442.245600495        634339.28633673699        734476.88674978737        10583.968456713161        225.14730060072537     
   3.3855652820133435        4897734.6825840566        11230736.316892633        612060.12965134939        721412.16813954967        10566.946789309342        226.58454509655732     
   3.4140393415657484        4706589.9871366592        11008357.823376495        590482.39908170502        708546.45934316353        10550.120546668963        228.07004209160107     
   3.4428523059961256        4522650.7304618331        10789296.695820559        569585.45665782259        695876.68831718632        10533.468778262439        229.60419646105032     
   3.4720082090291386        4345652.1978909876        10573541.034728017        549349.24225364137        683399.88406694378        10516.971424981528        231.18739747479017     
   3.5015111323997821        4175339.2988832197        10361077.211785683        529754.25669771933        671113.17171261203        10500.609300423594        232.82001376329160     
   3.5313652064248071        4011466.2163500683        10151889.967213906        510781.54547179188        659013.76769913104        10484.364072263355        234.50238779544875     
   3.5615746105809576        3853796.0685704374        9945962.5033527724        492412.68299646652        647098.97515371675        10468.218243641139        236.23482981088389     
   3.5921435740900800        3702100.5833060998        9743276.5746207051        474629.75749060017        635366.17938725452        10452.155134479179        238.01761115479030     
   3.6230763765112033        3556159.7837754292        9543812.5740499236        457415.35639101436        623812.84353200463        10436.158862515513        239.85095695639458     
   3.6543773483396627        3415761.6860650862        9347549.6164788175        440752.55231953633        612436.50431416533        10420.214324028573        241.73503809349404     
   3.6860508716133564        3280702.0075767171        9154465.6184593551        424624.88957388530        601234.76794341195        10404.307173911695        243.66996238681764     
   3.7181013805262162        3150783.8862492465        8964537.3752440456        409016.37114864506        590205.30613224930        10388.423805157983        245.65576493921986     
   3.7505333620489805        3025817.6097838432        8777740.6341159828        393911.44621333916        579345.85218338878        10372.551326996445        247.69239761618536     
   3.7833513565573593        2905620.3556045620        8594050.1664566360        379294.99818789552        568654.19727433741        10356.677542780186        249.77971742074129     
   3.8165599584676673        2790015.9382699076        8413439.8324277997        365152.33299732278        558128.18656894844        10340.790923975846        251.91747417874546     
   3.8501638168800323        2678834.5717365206        8235882.6550294356        351469.16856273613        547765.71610742866        10324.880588961141        254.10529612508449     
   3.8841676362292508        2571912.6256492543        8061350.8588183997        338231.62267637555        537564.72788929439        10308.936262168174        256.34267698625456     
   3.9185761769433993        2469092.4296103902        7889815.9939425262        325426.20681758632        527523.21008013771        10292.948278695814        258.62895439538829     
   3.9533942561102742        2370221.9811793631        7721248.8207338667        313039.80571553780        517639.18362323957        10276.907456719246        260.96330734160449     
   3.9886267481517712        2275154.9393033655        7555619.8308452489        301059.69652312435        507910.72572756035        10260.805318071607        263.34469608300327     
   4.0242785855062895        2183749.8883867371        7392898.0416138684        289473.46369055618        498335.89393135038        10244.633352400564        265.77195530380607     
   4.0603547593192548        2095871.5685592783        7233054.4448375460        278269.19417159894        488912.91896992997        10228.384865260541        268.24345904501109     
   4.0968603201418698        2011386.9041042863        7076052.8707074989        267434.92417215247        479639.67090888927        10212.049790892515        270.75796143907922     
   4.1338003786381687        1930174.8976487047        6921874.8680374986        256960.09070316341        470515.09153850464        10195.628614888798        273.31218571393123     
   4.1711801063005023        1852099.6403949268        6770452.5613941373        246831.61541296207        461535.30423111486        10179.094297596635        275.90738693470030     
   4.2090047361735197        1777081.5691461174        6621850.5511149904        237044.37253430075        452704.13898781978        10162.495699967283        278.53111903402845     
   4.2472795635867886        1704907.0076198704        6475773.4809184149        227573.09776277444        444004.59789340670        10145.675661871524        281.20751308990930     
   4.2860099468961179        1635514.5783705770        6332075.6335793203        218408.29140423727        435429.43768194201        10128.119253777086        284.03037407316287     
   4.3250846961410581        1568586.0375606623        6190066.5123023558        209505.31517851530        426939.72360988829        10109.337780870248        287.09311550805461     
   4.3642746858597405        1505575.3322664681        6053534.7870761184        201076.25841711907        418758.97363102197        10090.608710699544        290.16504722020920     
   4.4034646755784230        1443591.0311125978        5915975.9887125324        192723.37587675292        410503.17865108640        10070.694671183172        293.45997757345208     
   4.4426546652971046        1382642.2966260558        5777380.8842502888        184448.26540429768        402170.86193713709        10049.468678229949        297.00138529862539     
