  0.99980671869799431        7451909551.1607561        1778802737.1406527        720968332.28150737        48187059.504936233        70629.161468378516        18981.769635534110     
   1.0000000000000000        7449736184.1120081        1780975042.5521748        721336405.04752803        47819673.333476938        69854.097578961140        18961.011492773745     
   1.0001932813020056        4135128352.0926933        1539941494.5556393        431724638.29767162        41091351.976451457        106495.05484676680        2100.8442161790540     
   1.0003865626040114        2621889986.6170053        1313725023.0645201        292444946.85664302        35407874.606517732        115094.69860761064        1742.9079880941781     
   1.0005798439060170        2032574352.7342551        1160949530.7989290        234516888.25405231        31494721.161094435        115379.81492219964        1190.4385398501174     
   1.0007731252080228        1689800552.4796565        1080894334.9714854        201247533.01207516        29523822.270860199        119884.41451212787        895.37424703060105     
   1.0009664065100283        1463077040.1643531        1030780788.4011624        179355730.73106956        28340504.315284271        125249.83629340984        715.39335853189368     
   1.0011596878120339        1298184452.5860834        996284920.98368073        163506701.87257707        27568150.264857501        130928.22866941792        599.74709919896964     
   1.0013529691140397        1171380057.7316701        970497217.66770482        151330967.14009726        27022260.340958826        136544.75496503862        520.06624808583842     
   1.0015462504160453        1069821385.6409569        950117807.90892982        141570352.65668446        26615905.446405958        142007.35283002886        462.46139972946526     
   1.0017395317180511        986146997.37733877        933307469.05556834        133506858.94575104        26300409.252120543        147270.03181461021        419.05950088976567     
   1.0019328130200567        915692095.98124099        918990317.22564411        126690378.78164773        26047494.873030659        152326.83438663310        385.28996431095266     
   1.0021260943220622        855360180.32782364        906488723.65564251        120824191.07778537        25839368.205760498        157182.12789187019        358.30947054335002     
   1.0023193756240680        802988039.93783915        895356242.48196244        115702481.75293596        25664361.490186635        161846.39247787622        336.28206077438824     
   1.0025126569260736        757013754.85261190        885286264.65570545        111177513.52851653        25514489.354845226        166331.52830084026        317.97188258133411     
   1.0027059382280794        716274782.92593002        876061240.98060703        107139904.23617265        25384114.257899895        170649.63413210999        302.52071897113353     
   1.0028992195300850        679885276.29779971        867522489.31656599        103506688.49927220        25269145.944865312        174812.17465183427        289.31513728700389     
   1.0030925008320906        647156193.68881130        859551492.91835403        100213594.78108259        25166548.863854427        178829.73680211598        277.90590068823087     
   1.0032857821340964        617542244.99324727        852057914.68742108        97209941.718211353        25074025.825709835        182711.93955204732        267.95678744414079     
   1.0034790634361019        590605332.26455379        844971650.39180779        94455138.471552372        24989808.810783289        186467.46067609431        259.21129480290625     
   1.0036723447381077        565988814.52850533        838237431.90613592        91916232.357569903        24912516.940118968        190104.10381654400        251.47033490594040     
   1.0038656260401133        543398956.39222133        831811069.00602925        89566148.380339205        24841057.725465838        193628.88558031974        244.57696267362843     
   1.0040589073421189        522591308.27969700        825656780.95767689        87382401.829256237        24774557.031630203        197048.12604031755        238.40569297491842     
   1.0042521886441247        503360531.59790099        819745265.25879884        85346139.962953895        24712308.464539960        200367.53614320411        232.85489127707010     
   1.0044454699461303        485532683.15313530        814052276.94682503        83441417.747297674        24653736.196074013        203592.29826389407        227.84126245044385     
   1.0046387512481361        468959283.97164971        808557567.20952463        81654642.796346217        24598367.237611439        206727.13849109985        223.29579956519495     
   1.0048320325501416        453512703.97284055        803244079.32593989        79974144.661310732        24545810.471173607        209776.39023031821        219.16076521072227     
   1.0050253138521472        439082530.51276624        798097331.55191004        78389836.793731734        24495740.583241854        212744.04935000333        215.38741405438816     
   1.0052185951541530        425572682.14276445        793104937.75755942        76892948.492089808        24447885.605214775        215633.82140844790        211.93425462629946     
   1.0054118764561586        412899093.40411705        788256230.87704670        75475810.321622550        24402017.139812186        218449.16165496927        208.76570812023101     
   1.0056051577581644        400987841.87777627        783541964.03539789        74131680.843159661        24357942.612936258        221193.30857604160        205.85106270799776     
   1.0057984390601700        389773621.10165864        778954071.04259109        72854605.573623613        24315499.070405941        223869.31176673219        203.16365002528320     
   1.0059917203621755        379198486.41286147        774485472.77351844        71639301.327074453        24274548.165708624        226480.05488106448        200.68019024767864     
   1.0061850016641813        369210817.94052702        770129919.38711405        70481060.713619202        24234972.076150339        229028.27437510839        198.38026623166644     
   1.0063782829661869        359764457.69660610        765881860.81816220        69375672.775940076        24196670.150524970        231516.57470362546        196.24589730890492     
   1.0065715642681929        350817987.24986690        761736339.79949009        68319356.638034180        24159556.138160467        233947.44055868027        194.26119066736314     
   1.0067648455701994        342334119.66677010        757688902.98304307        67308705.721790075        24123555.885664005        236323.24668642285        192.41205365406640     
   1.0069581268722083        334279184.92032123        753735526.74691427        66340640.598286115        24088605.412283715        238646.26573924121        190.68595431342962     
   1.0071514081742272        326622692.19069582        749872554.98385715        65412368.936913401        24054649.294310015        240918.67455715389        189.07172044811421     
   1.0073446894762856        319336955.79562658        746096646.78636384        64521351.328273267        24021639.305992093        243142.55923669759        187.55936971737057     
   1.0075379707785026        312396773.99171919        742404732.21590555        63665271.977656744        23989533.268952869        245319.91922536326        186.13996495256112     
   1.0077312520813539        305779152.10076493        738793975.12028563        62842013.496332794        23958294.086579695        247452.67079022789        184.80549015474003     
   1.0079245333867424        299463062.47935629        735261740.96793890        62049635.054389596        23927888.904994234        249542.64975419309        183.54874356567819     
   1.0081178147022793        293429236.52231330        731805571.30813038        61286353.569218725        23898288.460537888        251591.61452442606        182.36324502311837     
   1.0083110960584103        287659980.87075537        728423157.11472464        60550526.875832587        23869466.370469097        253601.24733946714        181.24315510281315     
   1.0085043775769169        282139020.71420610        725112329.24997175        59840640.018246740        23841398.982403900        255573.16080604601        180.18320452489590     
   1.0086976597449264        276851342.99598426        721871012.40960813        59155289.635545865        23814064.088345733        257508.89391391160        179.17863035281314     
   1.0088909445109475        271783080.47177714        718697281.76581860        58493176.582655229        23787443.318608169        259409.95521784172        178.22511903192935     
   1.0090842396690147        266921234.98523188        715589112.92138577        57853068.548723437        23761515.643798850        261277.80572947772        177.31873608695875     
   1.0092775763952666        262253460.10976011        712544828.77356362        57233797.293588810        23736278.841556530        263114.28042828641        176.45583617240598     
   1.0094710793942565        257766056.96982276        709560955.13429713        56633958.079527698        23711704.114547595        264921.82572784432        175.63275114820010     
   1.0096652474841998        253437920.39578515        706627365.49931717        56051057.506604284        23687676.952968687        266705.71180950606        174.84472386027900     
   1.0098609435033683        249243105.65349260        703730414.30509925        55481898.853841163        23664086.238849815        268474.58641859598        174.08626919506261     
   1.0100587877961285        245163905.11037955        700861293.77726769        54924328.145687737        23640870.253555164        270234.52622966986        173.35350021479093     
   1.0102589504271631        241193280.24209550        698017670.44507694        54377586.804489821        23618005.033032469        271987.07355791767        172.64449786336922     
   1.0104614585627469        237327607.08038297        695199773.14134669        53841383.926390879        23595498.164983384        273732.61634713254        171.95797647943064     
   1.0106663396874889        233563409.55837503        692407859.93466043        53315441.887713574        23573358.696638722        275471.56485296303        171.29274213327824     
   1.0108736216080618        229897295.37867078        689642017.39800394        52799481.451465987        23551590.044543639        277204.26229901065        170.64767723788125     
   1.0110833324569777        226325995.47763696        686902290.26787531        52293231.458202191        23530194.349160157        278931.03378476156        170.02173615392104     
   1.0112955006964046        222846363.11597633        684188697.72962046        51796429.540809527        23509173.034854434        280652.19255496946        169.41394109409603     
   1.0115101551220302        219455370.12338606        681501237.86892307        51308822.047360092        23488526.944445956        282368.04072057566        168.82337756904224     
   1.0117273248669703        216150101.27383566        678839886.49951553        50830163.526559092        23468256.288228557        284078.86804766319        168.24919017846202     
   1.0119470394057215        212927749.14976171        676204596.36719286        50360216.276780128        23448360.602486145        285784.95082765736        167.69057855153838     
   1.0121693285581634        209785609.13107482        673595296.10554707        49898749.892086014        23428838.699287269        287486.55071889504        167.14679351317048     
   1.0123942224936040        206721074.70556694        671011889.45846784        49445540.849424824        23409688.624735370        289183.91372760967        166.61713344505768     
   1.0126217517348755        203731633.02000993        668454254.62613225        49000372.122546822        23390907.621374037        290877.26929110551        166.10094084495535     
   1.0128519471624760        200814860.68074897        665922243.79161775        48563032.824937485        23372492.096121874        292566.82947479602        165.59759907209940     
   1.0130848400187620        197968419.77781042        663415682.79646134        48133317.879120663        23354437.593452930        294252.78828152025        165.10652927538902     
   1.0133204619121865        195190054.12153840        660934370.96716809        47711027.710686281        23336738.773685809        295935.32107058418        164.62718749627172     
   1.0135588448215918        192477585.67669752        658478081.08068728        47295967.965728372        23319389.396435473        297614.58408719063        164.15906194100532     
   1.0138000211005462        189828911.18327010        656046559.46550405        46887949.249422640        23302382.308713544        299290.71409507381        163.70167041402465     
   1.0140440234817385        187241998.95129272        653639526.22637987        46486786.885181345        23285709.437967103        300963.82811556425        163.25455790800680     
   1.0142908850814178        184714885.82037121        651256675.58791256        46092300.692558937        23269361.789664015        302634.02326734189        162.81729434326661     
   1.0145406394038903        182245674.27442712        648897676.34947932        45704314.782499038        23253329.449191559        304301.37670305849        162.38947244998408     
   1.0147933203460646        179832529.70210594        646562172.44116628        45322657.369429551        23237601.588255707        305965.94564447767        161.97070578889540     
   1.0150489622020535        177473677.79610592        644249783.57756484        44947160.598064877        23222166.475091595        307627.76750613539        161.56062690220361     
   1.0153075996678278        175167402.08216599        641960105.99600875        44577660.385140039        23207011.488968257        309286.86011302541        161.15888559209500     
   1.0155692678459254        172912041.57289064        639692713.27897120        44213996.273542002        23192123.138011564        310943.22199824173        160.76514731769072     
   1.0158340022502161        170705988.53806961        637447157.24692452        43856011.299169391        23177487.080818340        312596.83278581849        160.37909170817235     
   1.0161018388107208        168547686.38630748        635222968.91723168        43503551.869075373        23163088.151383657        314247.65365125216        160.00041118558423     
   1.0163728138784875        166435627.65230390        633019659.52198577        43156467.649856724        23148910.387045093        315895.62785450689        159.62880969197127     
   1.0166469642305263        164368352.08418274        630836721.57656586        42814611.465908691        23134937.059462361        317540.68134447699        159.26400151694355     
   1.0169243270747998        162344444.82613412        628673629.99276245        42477839.206338495        23121150.708187182        319182.72342751728        158.90571022005355     
   1.0172049400552736        160362534.69134241        626529843.22848701        42146009.740230925        23107533.176838577        320821.64749891550        158.55366764446535     
   1.0174888412570249        158421292.52173147        624404804.47069788        41818984.838794261        23094065.651232764        322457.33182673744        158.20761301557420     
   1.0177760692114108        156519429.62808207        622297942.83679283        41496629.105405048        23080728.700173210        324089.64039661450        157.86729212461799     
   1.0180666629013004        154655696.31031162        620208674.60189724        41178809.910188206        23067502.317158550        325718.42379130994        157.53245658623379     
   1.0183606617663623        152828880.44984820        618136404.42964172        40865397.331772372        23054365.964567814        327343.52012549265        157.20286317410805     
   1.0186581057084190        151037806.17475972        616080526.61650813        40556264.102518871        23041298.618346225        328964.75600603409        156.87827322290539     
   1.0189590350968636        149281332.59014374        614040426.32828963        40251285.559899978        23028278.814760625        330581.94753854850        156.55845210079227     
   1.0192634907741360        147558352.57538977        612015480.84161437        39950339.599782340        23015284.696866974        332194.90134441137        156.24316873934231     
   1.0195715140612687        145867791.63903654        610005060.76153851        39653306.636104375        23002294.063303243        333803.41562446486        155.93219522989941     
   1.0198831467634930        144208606.83703735        608008531.24403930        39360069.559690334        22989284.415243965        335407.28120669106        155.62530646525505     
   1.0201984311759142        142579785.74061486        606025253.17571700        39070513.704519197        22976233.006353736        337006.28264689888        155.32227984583136     
   1.0205174100892511        140980345.46183747        604054584.34917021        38784526.812570363        22963116.890592121        338600.19930513558        155.02289502498238     
   1.0208401267956440        139409331.72708932        602095880.60094941        38501999.002760261        22949912.971064646        340188.80644261127        154.72693370527190     
   1.0211666250945304        137865818.00004762        600148496.92488253        38222822.740447663        22936598.047842678        341771.87630660011        154.43417947416538     
   1.0214969492985888        136348904.64889115        598211788.54567981        37946892.809569784        22923148.865955506        343349.17921936436        154.14441768224228     
   1.0218311442397543        134857718.15753961        596285111.95844364        37674106.285508834        22909542.162404180        344920.48465214606        153.85743535657204     
   1.0221692552753014        133391410.37855028        594367825.93056488        37404362.508704171        22895754.712157015        346485.56228149007        153.57302114683810     
   1.0225113282940017        131949157.82477883        592459292.46061885        37137563.059401572        22881763.373330943        348044.18302920926        153.29096530294990     
   1.0228574097223508        130530160.99840961        590558877.69505227        36873611.732874200        22867545.131114107        349596.12007745443        153.01105968003282     
   1.0232075465308694        129133643.75416450        588665952.79609966        36612414.515913978        22853077.140889116        351141.14986439922        152.73309777075428     
   1.0235617862404793        127758852.69763395        586779894.77176070        36353879.562182598        22838336.769011691        352679.05303486949        152.45687475600255     
   1.0239201769289514        126405056.61283447        584900087.24969614        36097917.169576861        22823301.633164551        354209.61537411856        152.18218758042784     
   1.0242827672374317        125071545.92112212        583025921.21152484        35844439.756249778        22807949.640149400        355732.62869013415        151.90883504138151     
   1.0246496063770434        123757632.16676261        581156795.67434239        35593361.837671749        22792259.022562802        357247.89166548610        151.63661789565680     
   1.0250207441355650        122462647.52895623        579292118.32619023        35344600.003312618        22776208.373428453        358755.21066306927        151.36533897808593     
   1.0253962308841877        121185944.35800387        577431306.11284494        35098072.893533155        22759776.679118320        360254.40048974083        151.09480333152308     
   1.0257761175843525        119926894.73465656        575573785.77936029        34853701.175934069        22742943.350041635        361745.28510847152        150.82481834416458     
   1.0261604557946660        118684890.04990716        573718994.36196733        34611407.522188023        22725688.249734599        363227.69830819644        150.55519389520470     
   1.0265492976778987        117459340.60479017        571866379.63622141        34371116.584321633        22707991.721652973        364701.48431939835        150.28574250407269     
   1.0269426960080630        116249675.22788894        570015400.51891100        34132754.971117668        22689834.614080995        366166.49838134332        150.01627948344188     
   1.0273407041775779        115055340.90989266        568165527.42860305        33896251.223951913        22671198.302682102        367622.60725263576        149.74662309231076     
   1.0277433762045145        113875802.45235512        566316242.59975028        33661535.793196298        22652064.711433709        369069.68967682164        149.47659469100350     
   1.0281507667399268        112710542.13087399        564467040.35924017        33428541.013912112        22632416.331087478        370507.63678868546        149.20601889281187     
   1.0285629310752695        111559059.37041427        562617427.36257935        33197201.081583068        22612236.235648736        371936.35246900358        148.93472371312879     
   1.0289799251499030        110420870.43164344        560766922.79216123        32967452.027805891        22591508.096824843        373355.75364688149        148.66254071455228     
   1.0294018055586838        109295508.10712333        558915058.51976383        32739231.695846785        22570216.196388688        374765.77054878132        148.38930514654393     
   1.0298286295596473        108182521.42587675        557061379.23377895        32512479.716366243        22548345.436682571        376166.34689818096        148.11485607948762     
   1.0302604550817778        107081475.36619548        555205442.53762126        32287137.482490689        22525881.348706722        377557.44005657814        147.83903652964594     
   1.0306973407328719        105991950.57381016        553346819.01271677        32063148.125771474        22502810.098892439        378939.02112479362        147.56169357890084     
   1.0311393458074909        104913543.08635744        551485092.25730348        31840456.491413284        22479118.493463762        380311.07498642482        147.28267848356134     
   1.0315865302950100        103845864.06191638        549619858.89675713        31619009.113900181        22454793.981208831        381673.60030774295        147.00184677500499     
   1.0320389548877598        102788539.51118648        547750728.56961477        31398754.192632038        22429824.654433556        383026.60949076858        146.71905835044566     
   1.0324966809892628        101741210.03245303        545877323.89101660        31179641.567652091        22404199.248200119        384370.12858183845        146.43417755358487     
   1.0329597707225677        100703530.54862976        543999280.39564538        30961622.695431001        22377907.137875311        385704.19713671476        146.14707324467673     
   1.0334282869386811        99675170.045430094        542116246.46072972        30744650.624975193        22350938.335238975        387028.86804729491        145.85761886057151     
   1.0339022932250970        98655811.310565114        540227883.21341908        30528679.973813605        22323283.482886735        388344.20732595638        145.56569246312637     
   1.0343818539144274        97645150.672736347        538333864.42090619        30313666.904505916        22294933.847460024        389650.29385763628        145.27117677791665     
   1.0348670340931330        96642897.740681469        536433876.36866874        30099569.101014219        22265881.311287612        390947.21911308204        144.97395922110849     
   1.0353578996103583        95648775.141131029        534527617.72480714        29886345.745596603        22236118.362993982        392235.08683386765        144.67393191666125     
   1.0358545170868669        94662518.255927503        532614799.39503914        29673957.495714925        22205638.086770527        393514.01268455031        144.37099170231241     
   1.0363569539240842        93683874.957709551        530695144.36826390        29462366.461230900        22174434.150588177        394784.12387768878        144.06504012541524     
   1.0368652783132450        92712605.343843013        528768387.55358863        29251536.182006892        22142500.793516714        396045.55877549149        143.75598342922947     
   1.0373795592446493        91748481.468817264        526834275.61212373        29041431.605508693        22109832.811926745        397298.46646480839        143.44373252867462     
   1.0378998665170243        90791287.074595734        524892566.78262562        28832019.064877622        22076425.545004506        398543.00631392380        143.12820297734862     
   1.0384262707469984        89840817.319038153        522943030.70307964        28623266.257233173        22042274.859483711        399779.34751021408        142.80931492547123     
   1.0389588433786858        88896878.502483800        520985448.22972703        28415142.222161368        22007377.133638538        401007.66858010378        142.48699306899348     
   1.0394976566933818        87959287.792391002        519019611.25366789        28207617.320531964        21971729.240728308        402228.15689543792        142.16116659079023     
   1.0400427838193735        87027872.946099475        517045322.51586390        28000663.213648830        21935328.531982478        403441.00816859631        141.83176909446905     
   1.0405942987418655        86102472.032077476        515062395.42251772        27794252.842515148        21898172.819034249        404646.42593518202        141.49873853054663     
   1.0411522763130197        85182933.149504498        513070653.85985404        27588360.407529887        21860260.356131844        405844.62103095918        141.16201711659869     
   1.0417167922621156        84269114.146691948        511069932.01055914        27382961.348299790        21821589.821958374        407035.81106039399        140.82155125085762     
   1.0422879232058280        83360882.338336840        509060074.17115802        27178032.323805667        21782160.301327389        408220.21986227349        140.47729142063602     
   1.0428657466586257        82458114.222098723        507040934.57206166        26973551.192707896        21741971.266657904        409398.07697098068        140.12919210537729     
   1.0434503410432912        81560695.194467276        505012377.19899535        26769496.994014565        21701022.559484772        410569.61707871035        139.77721167574086     
   1.0440417857015649        80668519.266622171        502974275.61842024        26565849.927825358        21659314.371844679        411735.07949589158        139.42131228821526     
   1.0446401609049134        79781488.780221224        500926512.80506897        26362591.336427741        21616847.227831416        412894.70761573029        139.06145977684901     
   1.0452455478654232        78899514.123834983        498868980.97408086        26159703.685391840        21573621.965100013        414048.74837888422        138.69762354139647     
   1.0458580287468242        78022513.449798912        496801581.41472697        25957170.545180876        21529639.716810625        415197.45174802950        138.32977643427759     
   1.0464776866756405        77150412.392553449        494724224.33004981        25754976.572564013        21484901.893486172        416341.07018228580        137.95789464436615     
   1.0471046057524716        76283143.788216114        492636828.67902827        25553107.492451329        21439410.165353384        417479.85812267853        137.58195758029547     
   1.0477388710634084        75420647.395976961        490539322.02283877        25351550.079807788        21393166.444943283        418614.07148450275        137.20194775264741     
   1.0483805686915790        74562869.621724486        488431640.37560064        25150292.141633280        21346172.869989347        419743.96715733741        136.81785065542198     
   1.0490297857288342        73709763.244034275        486313728.05843687        24949322.499171235        21298431.786811579        420869.80251652270        136.42965464785942     
   1.0496866102875657        72861287.142942160        484185537.55745256        24748630.970252309        21249945.734157220        421991.83494562650        136.03735083675753     
   1.0503511315126657        72017406.032062680        482047029.38693428        24548208.351499107        21200717.427301265        423110.32136584871        135.64093295867303     
   1.0510234395936267        71178090.193656608        479898171.95366091        24348046.401058272        21150749.743026998        424225.51778496866        135.24039726494235     
   1.0517036257767800        70343315.217944577        477738941.42820078        24148137.820913646        21100045.704699825        425337.67884983023        134.83574240631503     
   1.0523917823776818        69513061.745987549        475569321.61735529        23948476.239618056        21048608.468197271        426447.05741779588        134.42696932076234     
   1.0530880027936407        68687315.216954559        473389303.84110183        23749056.194965098        20996441.308308713        427553.90413931204        134.01408112295277     
   1.0537923815163948        67866065.619744062        471198886.81224084        23549873.116768382        20943547.605780542        428658.46705514728        133.59708299640340     
   1.0545050141449361        67049307.249541216        468998076.52078801        23350923.309470322        20889930.834779158        429760.99120341399        133.17598208745730     
   1.0552259973984843        66237038.468889132        466786886.11911458        23152203.935123000        20835594.551278565        430861.71824688045        132.75078740348027     
   1.0559554291296154        65429261.474199198        464565335.81238890        22953712.996018853        20780542.381744459        431960.88610743388        132.32150971272560     
   1.0566934083375401        64625982.067157432        462333452.74961841        22755449.317668363        20724778.012753021        433058.72862087883        131.88816144875574     
   1.0574400351815421        63827209.431682140        460091270.91852331        22557412.531579964        20668305.181069244        434155.47520215029        131.45075661753762     
   1.0581954109945708        63032955.916387506        457838831.04285091        22359603.058048762        20611127.664372817        435251.35052463354        131.00931070810816     
   1.0589596382969944        62243236.822506882        455576180.48110116        22162022.089051608        20553249.272732809        436346.57421579032        130.56384060740103     
   1.0597328208105143        61458070.197623067        453303373.12817186        21964671.571016405        20494673.840618014        437441.36056442838        130.11436451838478     
   1.0605150634722424        60677476.635056257        451020469.31835085        21767554.187654477        20435405.219619039        438535.91824331338        129.66090188239019     
   1.0613064724489425        59901479.079091027        448727535.73035765        21570673.342732832        20375447.271764923        439630.45004453341        129.20347330518027     
   1.0621071551514407        59130102.636006922        446424645.29384762        21374033.142833963        20314803.863475449        440725.15262845403        128.74210048703003     
   1.0629172202492017        58363374.390974611        444111877.09749985        21177638.380099069        20253478.860137142        441820.21628591552        128.27680615679054     
   1.0637367776850788        57601323.230777353        441789316.29828680        20981494.514932755        20191476.121275324        442915.82471306535        127.80761400990598     
   1.0645659386902351        56843979.672341913        439457054.03176469        20785607.658720460        20128799.496360470        444012.15479962440        127.33454865055960     
   1.0654048157992397        56091375.697147578        437115187.32386452        20589984.556436624        20065452.821117770        445109.37642762903        126.85763553742542     
   1.0662535228653414        55343544.591301873        434763819.00289744        20394632.569325816        20001439.914503761        446207.65228431614        126.37690093375153     
   1.0671121750759198        54600520.791414946        432403057.61288667        20199559.657476317        19936764.576157905        447307.13768483128        125.89237186095379     
   1.0679808889681206        53862339.736075424        430033017.32717085        20004774.362415057        19871430.584438942        448407.98040724965        125.40407605620914     
   1.0688597824446706        53129037.722932793        427653817.86266857        19810285.789661147        19805441.694965024        449510.32053808286        124.91204193368628     
   1.0697489747898803        52400651.771281689        425265584.39452589        19616103.591246251        19738801.639646899        450614.29032806971        124.41629854937423     
   1.0706485866858328        51677219.490054138        422868447.47098440        19422237.948239747        19671514.126230966        451720.01405866729        123.91687556954433     
   1.0715587402287632        50958778.951133750        420462542.92842340        19228699.553243909        19603582.838296317        452827.60791803064        123.41380324260611     
   1.0724795589456295        50245368.567918286        418048011.80666119        19035499.592852473        19535011.435675871        453937.17988582922        122.90711237418981     
   1.0734111678108782        49537026.978951178        415625000.26388657        18842649.730154358        19465803.555362161        455048.82962841121        122.39683430568466     
   1.0743536932634057        48833792.936607629        413193659.49182343        18650162.087170515        19395962.812759575        456162.64840116940        121.88300089561477     
   1.0753072632237177        48135705.200661115        410754145.63057184        18458049.227307573        19325492.803343363        457278.71895959642        121.36564450406391     
   1.0762720071112930        47442802.436611228        408306619.68305522        18266324.137835532        19254397.104710191        458397.11547882616        120.84479798003416     
   1.0772480558621462        46755123.118693873        405851247.42925650        18075000.212343048        19182679.278945431        459517.90347998397        120.32049465138954     
   1.0782355419465997        46072705.437438980        403388199.34006375        17884091.233198546        19110342.875311222        460641.13976356405        119.79276831733870     
   1.0792345993872623        45395587.211605780        400917650.49028617        17693611.354070328        19037391.433287200        461766.87235078018        119.26165324355061     
   1.0802453637772187        44723805.804495141        398439780.47167784        17503575.082382150        18963828.485804651        462895.14042913629        118.72718415916701     
   1.0812679722984329        44057398.044350557        395954773.30463105        17313997.261896901        18889657.562856406        464025.97430687147        118.18939625642938     
   1.0823025637403667        43396400.148878045        393462817.34966451        17124893.055263139        18814882.195278835        465159.39537146781        117.64832519200463     
   1.0833492785188148        42740847.653702505        390964105.21810579        16936277.926594544        18739505.918753676        466295.41605351685        117.10400709015764     
   1.0844082586949646        42090775.344608121        388458833.68170482        16748167.624132736        18663532.278062318        467434.03979702131        116.55647854784213     
   1.0854796479946753        41446217.193516061        385947203.58164984        16560578.162924580        18586964.831489198        468575.26103371003        116.00577664121630     
   1.0865635918279848        40807206.298035271        383429419.73655629        16373525.807561086        18509807.155402441        469719.06516230514        115.45193893365271     
   1.0876602373088449        40173774.824503817        380905690.84962577        16187027.054968119        18432062.848974779        470865.42853199627        114.89500348501055     
   1.0887697332750876        39545953.954369873        378376229.41460717        16001098.617276758        18353735.539052371        472014.31843057746        114.33500886216706     
   1.0898922303086267        38923773.833847441        375841251.62089139        15815757.404754950        18274828.885126274        473165.69307631493        113.77199415053586     
   1.0910278807558924        38307263.526723906        373300977.25753284        15631020.508808346        18195346.584390447        474319.50161334709        113.20599896646623     
   1.0921768387485116        37696450.970221929        370755629.61623693        15446905.185061473        18115292.376876052        475475.68411061238        112.63706347040957     
   1.0933392602242225        37091362.933785431        368205435.39300257        15263428.836550917        18034670.050674897        476634.17156489135        112.06522838086649     
   1.0945153029480423        36492024.980739579        365650624.58884335        15080608.996989224        17953483.447182372        477794.88590642926        111.49053498875382     
   1.0957051265336777        35898461.432710871        363091430.40933049        14898463.314125350        17871736.466364726        478957.74000745767        110.91302517216970     
   1.0969088924651871        35310695.336694792        360528089.16280901        14717009.533235827        17789433.072071366        480122.63769450499        110.33274141158552     
   1.0981267641188983        34728748.434722945        357960840.15759492        14536265.480702842        17706577.297316618        481289.47376270872        109.74972680509983     
   1.0993589067855829        34152641.136004195        355389925.59780341        14356249.047729153        17623173.249570414        482458.13399350556        109.16402508387799     
   1.1006054876928879        33582392.491498373        352815590.47813433        14176978.174153602        17539225.115991008        483628.49517410953        108.57568062744137     
   1.1018666760280331        33018020.170792896        350238082.47721589        13998470.832439946        17454737.168670516        484800.42512108694        107.98473847905767     
   1.1031426429607727        32459540.441269651        347657651.85002261        13820745.011752935        17369713.769763999        485973.78270467644        107.39124436065310     
   1.1044335616666281        31906968.149420217        345074551.31879258        13643818.702204958        17284159.376587708        487148.41787658434        106.79524468757684     
   1.1057396073503898        31360316.704278640        342489035.96280771        13467709.879267832        17198078.546658251        488324.17170073290        106.19678658302094     
   1.1070609572698973        30819598.062916547        339901363.10717076        13292436.488288859        17111475.942577746        489500.87638459844        105.59591789170960     
   1.1083977907600961        30284822.717878867        337311792.21007794        13118016.429235024        17024356.336902335        490678.35531533323        104.99268719335168     
   1.1097502892573776        29755999.686558176        334720584.74917430        12944467.541545780        16936724.616822794        491856.42309608631        104.38714381514922     
   1.1111186363242045        29233136.502384245        332128004.10645485        12771807.589215577        16848585.788795911        493034.88558685104        103.77933784387963     
   1.1125030176740223        28716239.207850806        329534315.45246959        12600054.246007148        16759944.982977241        494213.53994572919        103.16932013689907     
   1.1139036211964664        28205312.349228606        326939785.62898475        12429225.080889391        16670807.457563061        495392.17467415653        102.55714233251602     
   1.1153206369828608        27700358.972983211        324344683.03083843        12259337.543656686        16581178.602964958        496570.56966407481        101.94285685935378     
   1.1167542573520197        27201380.623791762        321749277.48651946        12090408.950761054        16491063.945843684        497748.49624822289        101.32651694482061     
   1.1182046768763483        26708377.344157781        319153840.13799638        11922456.471334573        16400469.152952952        498925.71725229890        100.70817662243635     
   1.1196720924082484        26221347.675536711        316558643.31944782        11755497.113433421        16309400.034818556        500101.98705006286        100.08789073811620     
   1.1211567031068386        25740288.660923719        313963960.43497765        11589547.710519357        16217862.549260223        501277.05162196973        99.465714955417511     
   1.1226587104649823        25265195.848881152        311370065.83556920        11424624.908154843        16125862.804704817        502450.64861599676        98.841705759518177     
   1.1241783183366352        24796063.298949897        308777234.69523674        11260745.150924636        16033407.063293500        503622.50741104351        98.215920459935077     
   1.1257157329645127        24332883.588370349        306185742.88612342        11097924.669644088        15940501.743852001        504792.34918538586        97.588417192233578     
   1.1272711630080812        23875647.820148222        303595866.85340035        10936179.468744704        15847153.424552154        505959.88698500668        96.959254918029700     
   1.1288448195718765        23424345.632312678        301007883.48885882        10775525.313995838        15753368.845477067        507124.82579884655        96.328493424141200     
   1.1304369162341572        22978965.208442830        298422070.00452429        10615977.720417764        15659154.910866164        508286.86263408652        95.696193319953366     
   1.1320476690758907        22539493.289306916        295838703.80508858        10457551.940540656        15564518.691250503        509445.68659853382        95.062416033872040     
   1.1336772967100792        22105915.185704470        293258062.36062753        10300262.952846808        15469467.425223151        510600.97898199770        94.427223807802534     
   1.1353260203114313        21678214.792333040        290680423.07814986        10144125.450593943        15374008.521124966        511752.41334615054        93.790679690804410     
   1.1369940636463793        21256374.602768566        288106063.17345226        9989153.8308602534        15278149.558393242        512899.65561475221        93.152847530877182     
   1.1386816531034498        20840375.725429609        285535259.54229546        9835362.1839227844        15181898.288727790        514042.36416961206        92.513791965537607     
   1.1403890177239879        20430197.900553655        282968288.63172567        9682764.2829232141        15085262.636990530        515180.18994966190        91.873578410809472     
   1.1421163892332449        20025819.518108603        280405426.31112802        9531373.5738499016        14988250.701870210        516312.77655442694        91.232273048793701     
   1.1438640020718267        19627217.636627313        277846947.74337691        9381203.1658378728        14890870.756302137        517439.76035172871        90.589942813760288     
   1.1456320934275124        19234368.002919387        275293127.25602418        9232265.8217968699        14793131.247646159        518560.77058990637        89.946655376790716     
   1.1474209032674472        18847245.072615676        272744238.21251816        9084573.9493824523        14695040.797637278        519675.42951530142        89.302479129043945     
   1.1492306743707088        18465822.031574469        270200552.88423473        8938139.5922515653        14596608.201999061        520783.35249111330        88.657483163189497     
   1.1510616523612600        18090070.818022389        267662342.32231542        8792974.4217197895        14497842.429900248        521884.14812423562        88.011737253773333     
   1.1529140857412821        17719962.145445433        265129876.23001963        8649089.7287627067        14398752.623152550        522977.41839662020        87.365311836106102     
   1.1547882259249054        17355465.526237264        262603422.83613488        8506496.4163138941        14299348.095058775        524062.75879785046        86.718277983317051     
   1.1566843272723277        16996549.295970023        260083248.76829553        8365204.9920146875        14199638.329160146        525139.75846811454        86.070707382601611     
   1.1586026471243398        16643180.638392011        257569618.92800835        8225225.5612235963        14099632.977552161        526208.00033944170        85.422672309326558     
   1.1605434458372490        16295325.610972630        255062796.36561388        8086567.8204944488        13999341.859113950        527267.06128801790        84.774245600438121     
   1.1625069868182174        15952949.171062065        252563042.15659976        7949241.0513903238        13898774.957420543        528316.51228909718        84.125500626227122     
   1.1644935365610096        15616015.202628879        250070615.27925822        7813254.1146563338        13797942.418367270        529355.91857544077        83.476511260600930     
   1.1665033646821636        15284486.543523032        247585772.49347806        7678615.4447801728        13696854.547547953        530384.83980071289        82.827351850044423     
   1.1685367439575820        14958325.013170823        245108768.22005886        7545333.0450147046        13595521.807520790        531402.83021324396        82.178097181867869     
   1.1705939503595535        14637491.440813778        242639854.42251366        7413414.4826963097        13493954.814657671        532409.43882807158        81.528822450473143     
   1.1726752630942090        14321945.694126511        240179280.48962927        7282866.8850152623        13392164.335853776        533404.20960797160        80.879603222851728     
   1.1747809646394152        14011646.708266929        237727293.12008893        7153696.9351672977        13290161.284967138        534386.68164819106        80.230515402743038     
   1.1769113407831122        13706552.515278934        235284136.20855525        7025910.8689145809        13187956.719039341        535356.38936678495        79.581635193744034     
   1.1790666806621029        13406620.273837037        232850050.73363110        6899514.4715501005        13085561.834286649        536312.86269994418        78.933039061328344     
   1.1812472768012914        13111806.299311686        230425274.64791712        6774513.0752642611        12982987.961858332        537255.62730188086        78.284803693776794     
   1.1834534251533890        12822066.094103519        228010042.76997674        6650911.5569239538        12880246.563385427        538184.20475003647        77.637005962169084     
   1.1856854251390785        12537354.378226576        225604586.67846289        6528714.3362644520        12777349.226323087        539098.11275543156        76.989722879461013     
   1.1879435796876514        12257625.120121133        223209134.60866994        6407925.3744773259        12674307.659058399        539996.86537665199        76.343031558565599     
   1.1902281952781248        11982831.567648277        220823911.35135174        6288548.1732232161        12571133.685845282        540879.97323971777        75.697009169712842     
   1.1925395819808340        11712926.279234219        218449138.15388161        6170585.7740581334        12467839.241552869        541746.94376295502        75.051732897083539     
   1.1948780534995167        11447861.155172642        216085032.62442946        6054040.7582407398        12364436.366168708        542597.28138384107        74.407279894480141     
   1.1972439272138891        11187587.468998587        213731808.63836810        5938915.2469846113        12260937.199195432        543430.48779342650        73.763727240649715     
   1.1996375242227217        10932055.898943586        211389676.24765265        5825210.9020979824        12157353.973837947        544246.06217347702        73.121151893872792     
   1.2020591693874181        10681216.559443254        209058841.59323290        5712928.9270244688        12053699.011017459        545043.50143727777        72.479630645976130     
   1.2045091913761059        10435019.032647207        206739506.82027075        5602070.0682939216        11949984.713247269        545822.30047523149        71.839240075969187     
   1.2069879227082443        10193412.399912203        204431869.99641880        5492634.6173766889        11846223.558372149        546581.95240479987        71.200056503328042     
   1.2094956997997528        9956345.2732676044        202136125.03351924        5384622.4129152745        11742428.093131708        547321.94882235024        70.562155940795947     
   1.2120328630086714        9723765.8267916981        199852461.61225575        5278032.8433661154        11638610.926636850        548041.78006042796        69.925614047109363     
   1.2145997566813536        9495621.8279024921        197581065.11038753        5172864.8500166088        11534784.723704284        548740.93544729555        69.290506079437279     
   1.2171967291992014        9271860.6685188301        195322116.53433013        5069116.9303853819        11430962.198086832        549418.90356979473        68.656906845732408     
   1.2198241330259478        9052429.3960677441        193075792.45423841        4966787.1419996638        11327156.105610223        550075.17253942764        68.024890657068212     
   1.2224823247554939        8837274.7443162426        190842264.94273224        4865873.1065417863        11223379.237222111        550709.23026117857        67.394531280002681     
   1.2251716651603060        8626343.1639953572        188621701.51723033        4766372.0143549424        11119644.411957791        551320.56470461527        66.765901889040165     
   1.2278925192403800        8419580.8531980366        186414265.08609211        4668280.6293056365        11015964.469843321        551908.66417748702        66.139075019280895     
   1.2306452562727803        8216933.7875171378        184220113.89847291        4571595.2939963229        10912352.264751026        552473.01760184544        65.514122519365131     
   1.2334302498617571        8018347.7499067606        182039401.49809992        4476311.9353139335        10808820.657204365        553013.11479175277        64.891115504721554     
   1.2362478779894532        7823768.3602384925        179872276.68093556        4382426.0703096502        10705382.507152885        553528.44673281745        64.270124311234866     
   1.2390985230672038        7633141.1045310898        177718883.45682397        4289932.8123996947        10602050.666726541        554018.50586323254        63.651218449396005     
   1.2419825719874384        7446411.3638270926        175579361.01509726        4198826.8778811991        10498837.972990083        554482.78635658231        63.034466559046855     
   1.2449004161761894        7263524.4426992824        173453843.69428372        4109102.5927455337        10395757.240690982        554920.78440525231        62.419936364719995     
   1.2478524516462175        7084425.5973667046        171342460.95597056        4020753.8997798236        10292821.255014032        555331.99850425031        61.807694631646321     
   1.2508390790507575        6909060.0633822428        169245337.36253944        3933774.3659644267        10190042.764403628        555715.92973794416        61.197807122713122     
   1.2538607037378982        6737373.0829016445        167162592.55938572        3848157.1901169415        10087434.473366948        556072.08206415805        60.590338556030233     
   1.2569177358055934        6569309.9314789651        165094341.26093057        3763895.2108167806        9985009.0353874154        556399.96260182862        59.985352563668400     
   1.2600105901573238        6404815.9444052512        163040693.24117050        3680980.9145516320        9882779.0458383486        556699.08191534481        59.382911651127536     
   1.2631396865584050        6243836.5425387090        161001753.32808229        3599406.4441220611        9780757.0350359976        556968.95430246100        58.783077158127711     
   1.2663054496929622        6086317.2576354016        158977621.40243399        3519163.6072455216        9678955.4613210913        557209.09807879548        58.185909220297525     
   1.2695083092215644        5932203.7571493099        156968392.40068713        3440243.8853791417        9577386.7042651474        557419.03586346365        57.591466732158509     
   1.2727486998395425        5781441.8684823737        154974156.32192045        3362638.4427423342        9476063.0579988901        557598.29486504185        56.999807311420376     
   1.2760270613359839        5633977.6026915489        152994998.23921585        3286338.1355022388        9374996.7246060371        557746.40716367925        56.410987264366106     
   1.2793438386534222        5489757.1776085962        151030998.31483078        3211333.5211493797        9274199.8077072892        557862.90999592515        55.825061552848631     
   1.2826994819482249        5348727.0403830502        149082231.81966168        3137614.8680107677        9173684.3061355632        557947.34603575349        55.242083762520743     
   1.2860944466516893        5210833.8894223953        147148769.15664837        3065172.1649130108        9073462.1077856310        557999.26367594150        54.662106072633193     
   1.2895291935318538        5076024.6957240058        145230675.88822383        2993995.1309665767        8973544.9836058170        558018.21730723709        54.085179227294994     
   1.2930041887560346        4944246.7235837970        143328012.76765868        2924073.2254677420        8873944.5817707237        558003.76759699371        53.511352508351095     
   1.2965199039540931        4815447.5506790420        141440835.77440751        2855395.6578904320        8774672.4220027626        557955.48176464706        52.940673709765107     
   1.3000768162824472        4689575.0875021294        139569196.15306804        2787951.3979755896        8675739.8901162781        557872.93385808112        52.373189113809097     
   1.3036754084888305        4566577.5961553669        137713140.45630845        2721729.1858760132        8577158.2327065393        557755.70502539782        51.808943468754173     
   1.3073161689778121        4446403.7084876262        135872710.59138861        2656717.5423649363        8478938.5520579107        557603.38378622627        51.247979968360056     
   1.3109995918770827        4329002.4435616694        134047943.87008923        2592904.7790925377        8381091.8012747075        557415.56630246772        50.690340233198299     
   1.3147261771045187        4214323.2244656496        132238873.06241323        2530279.0088562630        8283628.7795749800        557191.85664402496        50.136064293552252     
   1.3184964304360309        4102315.8944449178        130445526.45347106        2468828.1558987447        8186560.1278403131        556931.86705522821        49.585190574277235     
   1.3223108635742098        3992930.7323625521        128667927.90375738        2408539.9661977161        8089896.3243564172        556635.21821731678        49.037755881364333     
   1.3261699942177736        3886118.4674769728        126906096.91247943        2349402.0177516290        7993647.6808044165        556301.53951066919        48.493795390439658     
   1.3300743461318314        3781830.2935524685        125160048.68425333        2291401.7308199331        7897824.3384119468        555930.46927017730        47.953342636834655     
   1.3340244492189679        3680017.8822656241        123429794.19814138        2234526.3781601242        7802436.2644559564        555521.65504699934        47.416429507997933     
   1.3380208395911639        3580633.3959540282        121715340.28011313        2178763.0951762614        7707493.2488710554        555074.75385927025        46.883086237245784     
   1.3420640596425579        3483629.4996727253        120016689.67781982        2124098.8900226653        7613004.9011564218        554589.43244508829        46.353341399634076     
   1.3461546581230583        3388959.3725761506        118333841.13801333        2070520.6536270154        7518980.6475018440        554065.36751216825        45.827221909611417     
   1.3502931902128228        3296576.7186229760        116666789.48630947        2018015.1696248716        7425429.7281464580        553502.24598506966        45.304753020511967     
   1.3544802175976067        3206435.7766099307        115015525.70922369        1966569.1241940069        7332361.1949687283        552899.76524986955        44.785958325864200     
   1.3587163085449960        3118491.3295373488        113380037.03828388        1916169.1157783677        7239783.9093100252        552257.63339649513        44.270859762515769     
   1.3630020379815320        3032698.7133104573        111760307.03603823        1866801.6646913367        7147706.5400320441        551575.56945887126        43.759477615568386     
   1.3673379875707430        2949013.8247862849        110156315.68391022        1818453.2225833589        7056137.5617874507        550853.30365139432        43.251830525019521     
   1.3717247457920867        2867393.1291661840        108568039.47155088        1771110.1817733415        6965085.2535366444        550090.57760447811        42.747935494235733     
   1.3761629080208195        2787793.6667495803        106995451.48776843        1724758.8844232385        6874557.6972638033        549287.14459573920        42.247807900043995     
   1.3806530766088021        2710173.0590490536        105438521.51261970        1679385.6315553456        6784562.7769210115        548442.76977933035        41.751461504554364     
   1.3851958609662500        2634489.5142798033        103897216.11064103        1634976.6919012966        6695108.1775862295        547557.23041262443        41.258908468626203     
   1.3897918776444453        2560701.8322343379        102371498.72507899        1591518.3105711341        6606201.3848147346        546630.31607890234        40.770159366878815     
   1.3944417504194131        2488769.4085466033        100861329.77277076        1548996.7175424336        6517849.6842091316        545661.82890848920        40.285223204335594     
   1.3991461103765830        2418652.2383638616        99366666.739746541        1507398.1359534415        6430060.1611642502        544651.58379512862        39.804107434491996     
   1.4039055959964402        2350310.9194297194        97887464.277123347        1466708.7902032176        6342839.7008199291        543599.40861077956        39.326817978928858     
   1.4087208532411801        2283706.6545983101        96423674.297388464        1426914.9138423500        6256194.9881701516        542505.14441494155        38.853359248230809     
   1.4135925356423795        2218801.2537831049        94975246.070608094        1388002.7572614073        6170132.5083754733        541368.64566300856        38.383734164379518     
   1.4185213043896945        2155557.1353628570        93542126.320713744        1349958.5951575635        6084658.5472072605        540189.78040799766        37.917944184303217     
   1.4235078284205978        2093937.3270495087        92124259.321404383        1312768.7337884498        5999779.1916744253        538968.43050054205        37.455989324763728     
   1.4285527845111674        2033905.4662370486        90721586.991690189        1276419.5180012158        5915500.3307889402        537704.49178392044        36.997868188372230     
   1.4336568573679394        1975425.7998442049        89334048.990857139        1240897.3380351320        5831827.6564684846        536397.87428445637        36.543577990700015     
   1.4388207397208370        1918463.1836650749        87961582.812682286        1206188.6360962887        5748766.6645740559        535048.50239768031        36.093114588444578     
   1.4440451324171897        1862983.0812430440        86604123.878761396        1172279.9127017152        5666322.6560723325        533656.31506989384        35.646472508575357     
   1.4493307445168502        1808951.5622834929        85261605.630800277        1139157.7327889164        5584500.7383034015        532221.26597392256        35.203644978354788     
   1.4546782933884319        1756335.3006209352        83933959.621735960        1106808.7315926359        5503305.8263598559        530743.32368017756        34.764623956215395     
   1.4600885048066681        1705101.5717559564        82621115.605521634        1075219.6202855711        5422742.6445564358        529222.47182163666        34.329400163384150     
   1.4655621130509175        1655218.2499776853        81323001.625436485        1044377.1913841530        5342815.7279889826        527658.70925322536        33.897963116211187     
   1.4710998610048196        1606653.8050909028        80039544.100897729        1014268.3239173550        5263529.4241622193        526052.05020410486        33.470301159075774     
   1.4767025002571201        1559377.2987584933        78770667.912430957        984879.98836345959        5184887.8947008941        524402.52442492347        33.046401497908995     
   1.4823707912036768        1513358.3804829298        77516296.484972864        956199.25134941912        5106895.1171025345        522710.17732639710        32.626250234107978     
   1.4881055031506623        1468567.2832377923        76276351.869160205        928213.28011987044        5029554.8865525005        520975.07011178456        32.209832398901682     
   1.4939074144189746        1424974.8187680217        75050754.820597440        900909.34677471954        4952870.8177788146        519197.27990155166        31.797131988038249     
   1.4997773124498708        1382552.3725777254        73839424.877089992        874274.83227717306        4876846.3469359446        517376.89984951180        31.388131996700309     
   1.5057159939118405        1341271.8986174630        72642280.433557928        848297.23023790191        4801484.7335280217        515514.03925208421        30.982814454672301     
   1.5117242648087301        1301105.9136937973        71459238.814810276        822964.15047261701        4726789.0623321831        513608.82364690845        30.581160461544886     
   1.5178029405891342        1262027.4916118779        70290216.345857814        798263.32234344818        4652762.2453554543        511661.39490481804        30.183150222067773     
   1.5239528462570693        1224010.2570733742        69135128.419951856        774182.59787972155        4579407.0237729987        509671.91130991920        29.788763081393650     
   1.5301748164839442        1187028.3793399564        67993889.564026490        750709.95469116291        4506725.9698948888        507640.54763330921        29.397977560377214     
   1.5364696957218431        1151056.5656860636        66866413.501824774        727833.49866673048        4434721.4890911775        505567.49519298470        29.010771390599871     
   1.5428383383181337        1116070.0546495742        65752613.214336626        705541.46647494182        4363395.8217381313        503452.96190724528        28.627121549351557     
   1.5492816086314218        1082044.6091017455        64652400.997774966        683822.22786159278        4292751.0451291129        501297.17233557045        28.247004294300279     
   1.5558003811488623        1048956.5091520795        63565688.519052453        662664.28775099665        4222789.0753516862        499100.36770720396        27.870395197825378     
   1.5623955406048453        1016782.5448982384        62492386.868513137        642056.28816296346        4153511.6691731834        496862.80594266078        27.497269181164388     
   1.5690679821010738        985500.00904294779        61432406.610235304        621987.00994027720        4084920.4258657796        494584.76166028820        27.127600548058240     
   1.5758186112280470        955086.68938968610        60385657.829753086        602445.37429864402        4017016.7890088987        492266.52617234411        26.761363018023058     
   1.5826483441879682        925520.86123053893        59352050.179158509        583420.44420388294        3949802.0482633626        489908.40747015271        26.398529759214309     
   1.5895581079190932        896781.27964361082        58331492.919762269        564901.42557930166        3883277.3410973451        487510.73019594973        26.039073420768634     
   1.5965488402215344        868847.17171196861        57323894.962239385        546877.66835102113        3817443.6544761644        485073.83560287853        25.682966164664403     
   1.6036214898845409        841698.22867743811        56329164.904291540        529338.66733701061        3752301.8265155456        482598.08150315698        25.330179697086106     
   1.6107770168152686        815314.59804367844        55347211.065938108        512274.06298449798        3687852.5480897687        480083.84220328304        24.980685299241443     
   1.6180163921690598        789676.87564069394        54377941.522451863        495673.64196195290        3624096.3643968799        477531.50842648267        24.634453857638011     
   1.6253405984812499        764766.09766239044        53421264.134963304        479527.33761235292        3561033.6764876554        474941.48722319363        24.291455893844198     
   1.6327506298005168        740563.73269019509        52477086.578860447        463825.23027221300        3498664.7427492170        472314.20186829194        23.951661593695494     
   1.6402474918237957        717051.67371351435        51545316.370013393        448557.54746278608        3436989.6803483334        469650.09174555237        23.615040835973488     
   1.6478322020327727        694212.23015795310        50625860.888899617        433714.66395922855        3376008.4666360491        466949.61221941013        23.281563220575183     
   1.6555057898319780        672028.11993179296        49718627.402712256        419287.10174392338        3315720.9405189031        464213.23449455400        22.951198096203282     
   1.6632692966884983        650482.46150091290        48823523.085540019        405265.52984799747        3256126.8037863025        461441.44546171313        22.623914587560019     
   1.6711237762733262        629558.76600122231        47940455.036685839        391640.76408872084        3197225.6224124925        458634.74753193755        22.299681622136166     
   1.6790702946043632        609240.92939759139        47069330.297211222        378403.76670679764        3139016.8278244482        455793.65845795732        21.978467956593434     
   1.6871099301911037        589513.22469817079        46210055.864822909        365545.64590914157        3081499.7181397597        452918.71114290605        21.660242202784804     
   1.6952437741810102        570360.29423186812        45362538.707181238        353057.65532264038        3024673.4593792157        450010.45343678823        21.344972853469987     
   1.7034729305076044        551767.14199570962        44526685.773681507        340931.19336431439        2968537.0866597374        447069.44792125956        21.032628307795811     
   1.7117985160402944        533719.12607992103        43702404.005863659        329157.80253251648        2913089.5053679221        444096.27168248029        20.723176896582196     
   1.7202216607359584        516201.95117712062        42889600.346535385        317729.16862340819        2858329.4923116867        441091.51607131673        20.416586907458377     
   1.7287435077923017        499201.66118026094        42088181.747628078        306637.11987929983        2804255.6968702483        438055.78645368584        20.112826609991544     
   1.7373652138030145        482704.63187669253        41298055.177007563        295873.62607119302        2750866.6421260885        434989.70194823900        19.811864280791763     
   1.7460879489147441        466697.56374181772        40519127.624229729        285430.79752119357        2698160.7259935341        431893.89515329833        19.513668228727074     
   1.7549128969859105        451167.47483717283        39751306.105368391        275300.88406912191        2646136.2223485950        428769.01186350343        19.218206820331215     
   1.7638412557473795        436101.69381692313        38994497.667004839        265476.27398707229        2594791.2821607422        425615.71077599999        18.925448505479622     
   1.7728742369650203        421487.85304679780        38248609.389501452        255949.49284521482        2544123.9346240107        422434.66318542289        18.635361843396712     
   1.7820130666041674        407313.88183753937        37513548.389579006        246713.20233407186        2494132.0883054123        419226.55267031974        18.347915529149294     
   1.7912589849960097        393567.99979636219        36789221.822344549        237760.19904538390        2444813.5323001076        415992.07476904959        18.063078420661157     
   1.8006132470059297        380238.71029800479        36075536.882806800        229083.41321608337        2396165.9374077916        412731.93664729007        17.780819566391838     
   1.8100771222038166        367314.79407821462        35372400.807029448        220675.90743709155        2348186.8573178947        409446.85675480694        17.501108233709616     
   1.8196518950363703        354785.30294953752        34679720.872888699        212530.87533230503        2300873.7298307847        406137.56447590888        17.223913938160571     
   1.8293388650014306        342639.55364181940        33997404.400608331        204641.64020836051        2254223.8780941074        402804.79976984073        16.949206473627800     
   1.8391393468243453        330867.12176769215        33325358.753107712        197001.65367915903        2208234.5118699102        399449.31280359830        16.676955943529673     
   1.8490546706364066        319457.83591325587        32663491.336219035        189604.49426764797        2162902.7288348293        396071.86357745132        16.407132793149621     
   1.8590861821553766        308401.77185372077        32011709.598815050        182443.86598736182        2118225.5159173841        392673.22154383932        16.139707843196593     
   1.8692352428681309        297689.24689572543        31369921.033055477        175513.59690413479        2074199.7506527619        389254.16521584819        15.874652324579928     
   1.8795032302154406        287310.81434213714        30738033.174516048        168807.63768412150        2030822.2026042731        385815.48177431076        15.611937914694037     
   1.8898915377789196        277257.25808222557        30115953.602552898        162320.06012541032        1988089.5347990901        382357.96666381072        15.351536775042321     
   1.9004015754701622        267519.58730399993        29503589.940761991        156045.05567839762        1945998.3052186246        378882.42318503530        15.093421590436417     
   1.9110347697221002        258089.03132888625        28900849.857707769        149976.93395534361        1904544.9683303726        375389.66208110173        14.837565609755094     
   1.9217925636825970        248957.03456678419        28307641.067914557        144110.12123130169        1863725.8766701964        371880.50111965544        14.583942688343884     
   1.9326764174103148        240115.25158995730        27723871.333162010        138439.15893718510        1823537.2824678752        368355.76466949651        14.332527332057499     
   1.9436878080728746        231555.54232312134        27149448.464032494        132958.70214637730        1783975.3393173136        364816.28327208571        14.083294742975037     
   1.9548282301473388        223269.96734672031        26584280.321629904        127663.51805548658        1745036.1038837561        361262.89320653019        13.836220866770924     
   1.9660991956230438        215250.78331217644        26028274.819575239        122548.48446063032        1706715.5376504469        357696.43604856270        13.591282441721145     
   1.9775022342068076        207490.43846804131        25481339.926418658        117608.58823141245        1669009.5087195963        354117.75822676811        13.348457049352998     
   1.9890388935305450        199981.56829751047        24943383.668774646        112838.92378433300        1631913.7936786609        350527.71057875227        13.107723166696193     
   2.0007107393613111        192716.99126556655        24414314.135271259        108234.69155713175        1595424.0795419698        346927.14791001909        12.869060220096891     
   2.0125193558138115        185689.70467113153        23894039.481094379        103791.19648353841        1559535.9657504670        343316.92855262407        12.632448640458879     
   2.0244663455653980        178892.88059601022        23382467.932498671        99503.846466388030        1524244.9661887959        339697.91391520126        12.397869919688404     
   2.0365533300735867        172319.86194271778        22879507.790661383        95368.150846868084        1489546.5111718911        336070.96801362204        12.165306668041582     
   2.0487819497961235        165964.15855715060        22385067.434682369        91379.718871058532        1455435.9494004226        332436.95698129700        11.934742672166346     
   2.0611538644136282        159819.44344106247        21899055.324553840        87534.258157379038        1421908.5499223541        328796.74856677145        11.706162953652118     
   2.0736707530548486        153879.54906514648        21421380.005663048        83827.573173192301        1388959.5042167776        325151.21164534980        11.479553828144713     
   2.0863343145245539        148138.46379412091        20951950.116521567        80255.563726742708        1356583.9284965922        321501.21576935344        11.254902965021138     
   2.0991462675340973        142590.32842642718        20490674.400435317        76814.223476922096        1324776.8662778062        317847.63077219838        11.032199447530289     
   2.1121083509346823        137229.43283620855        20037461.720034435        73499.638455897511        1293533.2911442050        314191.32641411701        10.811433832957155     
   2.1252223239533592        132050.21269291817        19592221.071996786        70307.985593756224        1262848.1095263283        310533.17202927853        10.592598211958942     
   2.1384899664317922        127047.24623019759        19154861.598713107        67235.531234318012        1232716.1632919179        306874.03612492542        10.375686266023539     
   2.1519130790678189        122215.25104567851        18725292.594750069        64278.629636010082        1203132.2320040730        303214.78589336982        10.160693321990040     
   2.1654934836598443        117549.08093169807        18303423.508220237        61433.721461262052        1174091.0348598538        299556.28663388919        9.9476164029368164     
   2.1792330233540960        113043.72275552790        17889163.939578842        58697.332265923367        1145587.2324730849        295899.40112023597        9.7364542751887910     
   2.1931335628947797        108694.29341713533        17482423.641700212        56066.071003554891        1117615.4287495564        292244.98897495191        9.5272074915511542     
   2.2071969888771612        104496.03690881131        17083112.524741706        53536.628556343378        1090170.1730740571        288593.90610986936        9.3198784309216798     
   2.2214252100036194        100444.32148569205        16691140.667376002        51105.776296982964        1063245.9629107011        284947.00426627311        9.1144713341693180     
   2.2358201573426966        96534.636938719894        16306418.333645193        48770.364677203936        1036837.2467553391        281305.13064722018        8.9109923356362835     
   2.2503837845911852        92762.591947720415        15928855.992763173        46527.321834119546        1010938.4272783692        277669.12760618201        8.7094494892146788     
   2.2651180683392846        89123.911490214537        15558364.338800967        44373.652203769503        985543.86443546484        274039.83233572089        8.5098527875604990     
   2.2800250083388676        85614.434286076706        15194854.307745088        42306.435136889624        960647.87841771357        270418.07652092312        8.3122141732298616     
   2.2951066277748877        82230.110270954188        14838237.091142196        40322.823515078999        936244.75236257608        266804.68593307969        8.1165475405740040     
   2.3103649735399681        78966.998100461991        14488424.146820826        38420.042371659038        912328.73487548437        263200.47997379716        7.9228687277266454     
   2.3258021165122065        75821.262693807395        14145327.208136238        36595.387522807308        888894.04244781926        259606.27119123339        7.7311954982102105     
   2.3414201518362390        72789.172825675370        13808858.293212950        34846.224214427653        865934.86186627590        256022.86479503452        7.5415475118354900     
   2.3572211992075953        69867.098772164114        13478929.715212060        33169.985788175742        843445.35267256445        252451.05818833454        7.3539462845352901     
   2.3732074031603845        67051.510011745791        13155454.093929278        31564.172368128922        821419.64969384030        248891.64052527735        7.1684151367096058     
   2.3893809333583533        64338.972978760030        12838344.368503839        30026.349568037855        799851.86562874401        245345.39229239858        6.9849791295820722     
   2.4057439848893556        61726.148865561881        12527513.810800925        28554.147218316128        778736.09365214908        241813.08490520515        6.8036649890341065     
   2.4222987785632730        59209.791469012911        12222876.038965169        27145.258112563341        758066.41001511842        238295.48031459606        6.6245010165081677     
   2.4390475612134233        56786.745078561646        11924345.030884894        25797.436773389247        737836.87661331787        234793.33061613885        6.4475169866428734     
   2.4559926060015052        54453.942403990339        11631835.137437768        24508.498238307231        718041.54352317902        231307.37766285802        6.2727440315256189     
   2.4731362127261121        52208.402541929070        11345261.095535377        23276.316866075606        698674.45149540436        227838.35267903941        6.1002145115343973     
   2.4904807081348639        50047.228980390981        11064538.041004702        22098.825164540725        679729.63441646181        224386.97587920277        5.9299618729767367     
   2.5080284462401967        47967.607640775459        10789581.521360759        20974.012640509318        661201.12173709716        220953.95609285496        5.7620204928337708     
   2.5257818086388495        45966.804956645457        10520307.508484080        19899.924672002162        643082.94086436776        217539.99039478251        5.5964255110632273     
   2.5437432048350996        44042.165988509078        10256632.411199337        18874.661403328722        625369.11951954837        214145.76374253398        5.4332126511023748     
   2.5619150725677793        42191.112573668761        9998473.0877109356        17896.376663133797        608053.68805930717        210771.94862112883        5.2724180293520204     
   2.5802998781411315        40411.141510448630        9745746.8578889202        16963.276905382198        591130.68175491132        207419.20469401492        5.1140779545761736     
   2.5989001167595394        38699.822775894667        9498371.5153514240        16073.620173306614        574594.14303024730        204088.17846126246        4.9582287183396145     
   2.6177183128661730        37054.797776450687        9256265.3393610604        15225.715086044305        558438.12365356635        200779.50292387148        4.8049063777401555     
   2.6367570204856152        35473.777630719764        9019347.1064699404        14417.919847784822        542656.68688605307        197493.79725587089        4.6541465318740851     
   2.6560188235704958        33954.541483864166        8787536.1019277778        13648.641278867219        527243.90958153782        194231.66648271770        4.5059840935766102     
   2.6755063363521829        32494.934853030663        8560752.1308292262        12916.333868354039        512193.88423968421        190993.70116725558        4.3604530581379750     
   2.6952222036955957        31092.868003272957        8338915.5289854556        12219.498847306111        497500.72100893187        187780.47710225618        4.2175862707745768     
   2.7151691014581623        29746.314353448986        8121947.1735063083        11556.683282062981        483158.54964361247        184592.55501148183        4.0774151947598929     
   2.7353497368529940        28453.308911688750        7909768.4930935930        10926.479186458759        469161.52141005622        181430.48025760785        3.9399696821395196     
   2.7557668488163105        27211.946739942934        7702301.4780254075        10327.522651977180        455503.81094382703        178294.78255796054        3.8052777490264695     
   2.7764232083791693        26020.381447213826        7499468.6898303842        9758.4929947410874        442179.61806058476        175185.97570918323        3.6733653574880742     
   2.7973216190435539        24876.823711109799        7301193.2706512762        9218.1119179968828        429183.16951705085        172104.55731956806        3.5442562059917408     
   2.8184649171628680        23779.539827317116        7107398.9522869075        8705.1426888546139        416508.72072617116        169051.00855068231        3.4179715303666796     
   2.8398559723268875        22726.850286689794        6918010.0649218988        8218.3893278501000        404150.55742488045        166025.79386768013        3.2945299171402933     
   2.8614976877512253        21717.128379575075        6732951.5455335276        7756.6958099665508        392102.99729812861        163029.36079975593        3.1739471310280933     
   2.8833930006713566        20748.798827105882        6552148.9459889093        7318.9452756189203        380360.39155775274        160062.13971015322        3.0562359582051846     
   2.9055448827412675        19820.336439146191        6375528.4408357022        6904.0592502125301        368917.12648015661        157124.54357732137        2.9414060668563793     
   2.9279563404367659        18930.264798578784        6203016.8347851718        6510.9968707811104        357767.62490072765        154216.96778634030        2.8294638862943056     
   2.9506304154635270        18077.154971679240        6034541.5699063810        6138.7541184025840        346906.34767082304        151339.78993304982        2.7204125057759931     
   2.9735701851699146        17259.624244296538        5870030.7325376002        5786.3630549807176        336327.79507452593        148493.36963973063        2.6142515938904456     
   2.9967787629646434        16476.334883531155        5709413.0599180842        5452.8910632069401        326026.50821021706        145678.04838455169        2.5109773391965398     
   3.0202592987393335        15725.992924694196        5552617.9465660136        5137.4400884902998        315997.07033531740        142894.14934417410        2.4105824125251845     
   3.0440149792960152        15007.346983243573        5399575.4504069304        4839.1458818515848        306234.10817784042        140141.97725124890        2.3130559511378368     
   3.0680490287796482        14319.187091415582        5250216.2986629633        4557.1772428412078        296732.29321475973        137421.81826703434        2.2183835646738057     
   3.0923647091157052        13660.343559309766        5104471.8935272926        4290.7352617168945        287486.34291915246        134733.93987027981        2.1265473625910336     
   3.1169653204528789        13029.685860103475        4962274.3176228181        4039.0525602300381        278491.02197568963        132078.59076251797        2.0375260025576396     
   3.1418542016109887        12426.121539179847        4823556.3392821150        3801.3925305863554        269741.14346758230        129456.00079159868        1.9512947590555658     
   3.1670347305341240        11848.595146767371        4688251.4176237043        3577.0485722233116        261231.57003241242        126866.38089274516        1.8678256112154203     
   3.1925103247491031        11296.087193926813        4556293.7074837210        3365.3433263190664        252957.21499109454        124309.92304965972        1.7870873487638637     
   3.2182844418293040        10767.613131440587        4427618.0641641915        3165.6279079917153        244913.04344594092        121786.80027437223        1.7090456947441324     
   3.2443605798639292        10262.222351402594        4302160.0480474886        2977.2811364198533        237094.07335109671        119297.16660802602        1.6336634435804138     
   3.2707422779327717        9778.9972110614654        4179855.9290388431        2799.7087631832896        229495.37655233275        116841.15714183930        1.5609006128956928     
   3.2974331165865394        9317.0520786018515        4060642.6908454606        2632.3426993124917        222112.07979564395        114418.88805862378        1.4907146074238498     
   3.3244367183328127        8875.5324005789207        3944458.0351133482        2474.6402416763403        214939.36570444243        112030.45669548122        1.4230603932987351     
   3.3517567481276958        8453.6137897986700        3831240.3850793568        2326.0832992619748        207972.47370749558        109675.94161898686        1.3578906808166498     
   3.3793969138732258        8050.5011347747441        3720928.8893126692        2186.1776205656320        201206.70094573134        107355.40272791313        1.2951561141456740     
   3.4073609669206157        7665.4277242707722        3613463.4230104284        2054.4520215584448        194637.40302146238        105068.88131097106        1.2348054651420333     
   3.4356527025793899        7297.6543980979541        3508784.5915594301        1930.4576181948587        188259.99484512085        102816.40019433128        1.1767858316131663     
   3.4642759606324871        6946.4686899080662        3406833.7218553280        1813.7670563515774        182069.95079835245        100597.96355269830        1.1210428322187829     
   3.4932346258574021        6611.1840932821169        3307552.8983000857        1703.9737718912281        176062.80726292302        98413.558059808987        1.0675208202817630     
   3.5225326285534266        6291.1395371066365        3210885.0839235010        1600.6912985692998        170234.16960050369        96263.156650192788        1.0161631294683904     
   3.5521739450750793        5985.7018485490798        3116775.5971039673        1503.5532487450944        164579.79058029273        94146.763376041446       0.96691285537340499     
   3.5821625983717778        5694.2814437417073        3025179.7784103961        1412.2161665372141        159095.97271501107        92064.648429355002       0.91971602519828488     
   3.6125026585338365        5416.2407089448789        2936020.3311849935        1326.3380989032396        153777.32008388991        90016.055161250086       0.87450493144087782     
   3.6431982433448655        5151.0232688405131        2849249.3951470791        1245.6085606939521        148620.02165910738        88001.070363351449       0.83122303643271789     
   3.6742535188406387        4898.0866531408437        2764815.7922244463        1169.7312947909720        143620.11288542507        86019.644803006770       0.78981199041839756     
   3.7056726998745133        4656.9062939142159        2682667.5879588565        1098.4249828132890        138773.61374016973        84071.668235632998       0.75021284172191416     
   3.7374600506894740        4426.9768944641055        2602753.1902204454        1031.4231313364915        134076.58758609087        82157.002339715546       0.71236664022733809     
   3.7696198854968794        4207.8121621536375        2525021.5581815490        968.47352369000225        129525.15270138562        80275.487127162734       0.67621467216019904     
   3.8021565690619914        3998.9448491197722        2449422.5578376432        909.33772532685430        125115.50096272539        78426.952384712262       0.64169872957323215     
   3.8350745172963681        3799.9249342497046        2375906.3053055396        853.79020309322414        120843.86444215316        76611.197081541017       0.60876100447351766     
   3.8683781978571918        3610.3223395361106        2304425.0008232761        801.61840286943925        116706.60917644786        74828.048581568160       0.57734484962435129     
   3.9020721307536261        3429.7178058581471        2234928.0947539513        752.62040185070134        112699.98969470769        73077.206870538401       0.54739322062407669     
   3.9361608889602739        3257.7246843857611        2167375.2026303033        706.60886765467035        108820.80243257800        71358.665252301609       0.51885314270743377     
   3.9706490990378316        3093.9298073258660        2101701.5537932473        663.39876476532527        105064.64558560160        69671.578581380512       0.49166432364682672     
   4.0055414417610056        2938.0468600643985        2037910.6964022666        622.83728706701652        101430.56774347661        68017.322894288402       0.46578944061940969     
   4.0408426527537920        2789.5106273178776        1975825.2366261764        584.72405780974793        97908.623951368631        66391.213602371514       0.44113454243783923     
   4.0765575231322035        2647.8344711919226        1915309.4909728756        548.88463047315690        94491.080861189606        64789.810989300080       0.41762285453683085     
   4.1125850510704227        2512.3652297701205        1856028.3618545628        515.14688552945722        91161.739013977043        63201.507404629621       0.39513401527817077     
   4.1487172021197294        2385.6178568465634        1799677.7753387117        483.94623015712580        88005.042276241991        61682.960325824635       0.37415935194816058     
   4.1848493531690352        2263.0640033981567        1743322.9933204330        454.36782854343079        84876.844006366795        60134.292360148080       0.35380421260326173     
   4.2209815042183418        2144.2728298237084        1686964.4466436561        426.29847254897180        81776.561815566150        58556.199104952553       0.33405225680834427     
