  0.99980671869799431        7451909551.1607561        1778802737.1406527        720968332.28150737        48187059.504936233        70629.161468378516        18981.769635534110     
   1.0000000000000000        7401391368.4320078        1829319858.2321756        721800564.56763327        47357814.811193228        67553.099757442949        19335.648270028698     
   1.0001932813020056        4048741646.7992930        1626328199.8490400        430408226.12883425        42423935.229071133        90323.971064335463        9642.2489443502727     
   1.0003865626040114        2487824846.4092088        1447790163.2723162        289167656.95391303        38686985.682772927        113273.52508243374        3736.7948620978173     
   1.0005798439060170        1849455123.6695089        1344068759.8636754        229136565.55945444        36859873.892468341        130549.77814628574        2151.9312231375939     
   1.0007731252080228        1498391902.9517686        1272302984.4993732        195042888.72244731        35703974.556404717        144376.41859545518        1518.5877880036458     
   1.0009664065100283        1275025908.4608650        1218831920.1046505        172778834.97098103        34886707.453015268        155942.45865101120        1190.6769864073483     
   1.0011596878120339        1118172958.2942038        1176296415.2755604        156782841.47452697        34256972.612325892        165966.27925105608        992.02428972095754     
   1.0013529691140397        1000791239.7993383        1141086035.6000369        144567293.80207399        33747586.211872064        174892.22207506633        858.70823716397967     
   1.0015462504160453        908899063.47991049        1111040130.0699761        134825283.88042057        33319991.138800867        182990.43669899157        762.87785423317052     
   1.0017395317180511        834597132.67718172        1084857333.7557254        126812114.90568918        32951983.901294544        190439.42270244961        690.50547703856068     
   1.0019328130200567        773017206.76709569        1061665206.4397897        120063833.79919037        32629005.475443956        197361.21443075119        633.80407446688127     
   1.0021260943220622        720986868.09710073        1040862035.8863655        114275611.47644845        32341285.706206460        203844.22878278015        588.09632443971861     
   1.0023193756240680        676334099.34799075        1022010183.0718110        109236884.90363586        32081850.162513684        209954.56945094882        550.40578652827435     
   1.0025126569260736        637517068.17698431        1004782951.3313332        104796997.53489776        31845593.560073316        215743.31669156899        518.74631001272883     
   1.0027059382280794        603406797.76678860        988929226.13974845        100844762.96605073        31628654.328844223        221250.83330968927        491.74168001588214     
   1.0028992195300850        573155701.82113600        974252063.79322958        97296086.729520679        31428050.222453408        226509.66681523682        468.40766766657850     
   1.0030925008320906        546113622.81801784        960594063.78914750        94085996.744159520        31241430.155119237        231546.48246034599        448.02152589629958     
   1.0032857821340964        521772658.50075626        947827501.17991221        91163385.524146542        31066910.527783331        236383.43154336672        430.04034733824352     
   1.0034790634361019        499729668.37283522        935847314.28352630        88487415.578236401        30902960.033354897        241039.13142047563        414.04826037643807     
   1.0036723447381077        479660179.54552358        924566066.88911760        86025005.854854167        30748318.156824220        245529.38982702195        399.72120971781465     
   1.0038656260401133        461299795.90973103        913910229.48851967        83749031.576581731        30601935.666019745        249867.74878388888        386.80285492154042     
   1.0040589073421189        444430695.78546107        903817393.45191276        81637010.522805750        30462930.562982593        254065.90113841728        375.08769143143235     
   1.0042521886441247        428871649.74640822        894234147.11029160        79670127.102976248        30330554.846446611        258134.01421418253        364.40898866825802     
   1.0044454699461303        414470525.49695927        885114434.60300112        77832496.167656854        30204169.089073755        262080.98490496841        354.63001252756732     
   1.0046387512481361        401098580.17400926        876418271.00716507        76110599.810141668        30083222.719118956        265914.64318813785        345.63753344867172     
   1.0048320325501416        388646058.34471571        868110724.95406473        74492851.061123431        29967238.545274649        269641.91631653468        337.33695387772275     
   1.0050253138521472        377018757.52982855        860161104.53484786        72969251.986977860        29855800.476722561        273268.96262316208        329.64860217575279     
   1.0052185951541530        366135320.21520573        852542299.68511832        71531122.955130726        29748543.682012554        276801.28156971897        322.50487931196193     
   1.0054118764561586        355925077.94612926        845230246.33503437        70170886.189064160        29645146.629023463        280243.80500204529        315.84803757421838     
   1.0056051577581644        346326319.62357259        838203486.28960156        68881891.198516726        29545324.592752259        283600.97340299602        309.62843357070972     
   1.0057984390601700        337284889.06974316        831442803.07450664        67658272.836330786        29448824.319410212        286876.80005525553        303.80314127096563     
   1.0059917203621755        328753040.59245867        824930918.59392154        66494835.013329618        29355419.608966481        290074.92536805215        298.33484126390277     
   1.0061850016641813        320688498.46922106        818652238.85841990        65386954.767204896        29264907.633797135        293198.66314259084        293.19092402097010     
   1.0063782829661869        313053678.91397995        812592639.60078847        64330502.608677685        29177105.852303911        296251.04018709343        288.34276048590851     
   1.0065715642681929        305815042.49875247        806739284.55060434        63321775.980715796        29091849.405647874        299234.83038963581        283.76510460113332     
   1.0067648455701994        298942552.04236203        801080470.60745120        62357443.358603582        29008988.911367979        302152.58416897675        279.43560070602314     
   1.0069581268722083        292409216.34662068        795605495.32061446        61434497.039117269        28928388.583174068        305006.65401776711        275.33437490464729     
   1.0071514081742272        286190704.22298253        790304542.95157039        60550213.067903511        28849924.621133991        307799.21674307232        271.44369413107057     
   1.0073446894762856        280265016.44618338        785168586.13580739        59702117.072152346        28773483.828461472        310532.29288822331        267.74768018472844     
   1.0075379707785026        274612205.60351676        780189300.60410810        58887954.985797428        28698962.416261040        313207.76377649675        264.23206858672273     
   1.0077312520813539        269214136.04410076        775358991.17694974        58105667.897059113        28626264.970251329        315827.38639227423        260.88400441727168     
   1.0079245333867424        264054276.73823270        770670526.70906270        57353370.256722718        28555303.545665000        318392.80675032776        257.69186823359718     
   1.0081178147022793        259117523.45941293        766117284.37103069        56629331.179367907        28485996.893935673        320905.57097743935        254.64512816615741     
   1.0083110960584103        254390040.90442649        761693097.08105338        55931957.619339339        28418269.737027079        323367.13727474934        251.73421041660890     
   1.0085043775769169        249859133.65946043        757392216.30471730        55259781.031570002        28352052.248762447        325778.88112425519        248.95039397408814     
   1.0086976597449264        245513104.82923043        753209250.57636189        54611441.290133722        28287279.210103191        328142.11756860523        246.28569959002434     
   1.0088909445109475        241341187.10999075        749139175.12760496        53985681.701324083        28223890.073067125        330458.08209001203        243.73283693831860     
   1.0090842396690147        237333243.12948734        745177104.77713037        53381308.234256551        28161825.701848939        332728.06214627170        241.28499820596804     
   1.0092775763952666        233479797.66478840        741318491.21853518        52797207.238878667        28101029.920043364        334953.25665159570        238.93595643373132     
   1.0094710793942565        229769860.97270718        737557151.13141251        52232030.063797325        28041417.986178491        337135.96982730483        236.67879061650348     
   1.0096652474841998        226185835.59627053        733879450.29883158        51683369.454150029        27982787.642236292        339283.07499617653        234.50249651044885     
   1.0098609435033683        222706842.15903023        730266677.79956186        51148202.237413459        27924852.972101856        341404.46959422802        232.39389140573530     
   1.0100587877961285        219318988.27548119        726706210.61216629        50624507.468024865        27867418.893866643        343506.56358109321        230.34408819506621     
   1.0102589504271631        216016759.69975501        723194190.98741734        50111559.514624432        27810428.520826969        345590.87562886172        228.34943633267835     
   1.0104614585627469        212797498.60828862        719729881.61344123        49609083.174669392        27753874.355967667        347657.17708435340        226.40812818651636     
   1.0106663396874889        209658688.47420502        716312581.01883042        49116818.314495042        27697748.651832156        349705.18287801190        224.51849083162898     
   1.0108736216080618        206597819.99130392        712941492.78537083        48634498.794338144        27642042.286164995        351734.67780550534        222.67886500402420     
   1.0110833324569777        203612464.60205534        709615821.14345694        48161865.113041207        27586746.264270671        353745.46383523737        220.88765309201943     
   1.0112955006964046        200700280.74935982        706334780.09623694        47698665.657296352        27531851.761033382        355737.34988919151        219.14332499007045     
   1.0115101551220302        197859011.81105241        703097596.18125677        47244656.700705856        27477350.180427443        357710.15139330731        217.44441509543270     
   1.0117273248669703        195086481.31811312        699903506.45523798        46799601.881060980        27423233.110697877        359663.69107645389        215.78951834594631     
   1.0119470394057215        192380588.48933533        696751757.02761924        46363271.728571936        27369492.301322300        361597.80019969988        214.17728618794868     
   1.0121693285581634        189739303.91274276        693641601.32387900        45935443.191940330        27316119.630414151        363512.31973768648        212.60642282714502     
   1.0123942224936040        187160665.57984337        690572298.58419156        45515899.208956905        27263107.077388059        365407.10154285189        211.07568174055780     
   1.0126217517348755        184642775.19917491        687543112.44696760        45104428.307534814        27210446.696225531        367282.00945164368        209.58386245454278     
   1.0128519471624760        182183794.79446885        684553309.67789805        44700824.239707604        27158130.590499997        369136.92032655468        208.12980756119262     
   1.0130848400187620        179781943.55764377        681602159.01662827        44304885.645680398        27106150.890137453        370971.72503725265        206.71239996157706     
   1.0133204619121865        177435494.94218320        678688930.14652336        43916415.746299885        27054499.729769837        372786.32937291864        205.33056031670040     
   1.0135588448215918        175142773.97778004        675812892.77960467        43535222.062434413        27003169.228928305        374580.65488834103        203.98324469345519     
   1.0138000211005462        172902154.79241505        672973315.85635912        43161116.159036137        26952151.473523542        376354.63967155374        202.66944238855814     
   1.0140440234817385        170712058.32474175        670169466.85293090        42793913.413028434        26901438.499193903        378108.23904167331        201.38817392114930     
   1.0142908850814178        168570950.21432585        667400611.19395792        42433432.803170793        26851022.276150718        379841.42616874934        200.13848918033781     
   1.0145406394038903        166477338.85686332        664666011.76704323        42079496.720379964        26800894.695401013        381554.19261264801        198.91946571627139     
   1.0147933203460646        164429773.61081648        661964928.53245568        41731930.797743134        26751047.556798104        383246.54878853343        197.73020716726998     
   1.0150489622020535        162426843.14634305        659296618.22732770        41390563.758134231        26701472.558182754        384918.52434558101        196.56984180966441     
   1.0153075996678278        160467173.92294666        656660334.15522838        41055227.279253595        26652161.286492161        386570.16847554623        195.43752122661189     
   1.0155692678459254        158549428.78941122        654055326.06245041        40725755.873707592        26603105.209712926        388201.55013131851        194.33241908171109     
   1.0158340022502161        156672305.69358319        651480840.09141040        40401986.784037776        26554295.670562308        389812.75817345438        193.25372999482605     
   1.0161018388107208        154834536.49463722        648936118.80890226        40083759.891207747        26505723.881464064        391403.90143845894        192.20066851081964     
   1.0163728138784875        153034885.86967856        646420401.30461109        39770917.635367334        26457380.920660503        392975.10872849438        191.17246815387568     
   1.0166469642305263        151272150.30635089        643932923.35439754        39463304.948277429        26409257.729708385        394526.52872971853        190.16838056264461     
   1.0169243270747998        149545157.17470905        641472917.64418733        39160769.196082138        26361345.112014607        396058.32985643746        189.18767469882684     
   1.0172049400552736        147852763.87094769        639039614.04888165        38863160.131883845        26313633.732655462        397570.70002912020        188.22963612516924     
   1.0174888412570249        146193857.02816445        636632239.96426463        38570329.856624052        26266114.118851375        399063.84637833148        187.29356634452617     
   1.0177760692114108        144567351.78442603        634250020.68044889        38282132.788776465        26218776.662295967        400537.99490242847        186.37878220192178     
   1.0180666629013004        142972191.10880965        631892179.80339909        37998425.639884822        26171611.621211346        401993.39004189573        185.48461533378799     
   1.0183606617663623        141407345.17281011        629557939.70667982        37719067.397741973        26124609.124501623        403430.29422207572        184.61041167315267     
   1.0186581057084190        139871810.76941836        627246522.02184939        37443919.313998275        26077759.175551977        404848.98732086353        183.75553099382583     
   1.0189590350968636        138364610.76822501        624957148.15020823        37172844.898048803        26031051.658036627        406249.76611374971        182.91934650270963     
   1.0192634907741360        136884793.61052957        622689039.80647504        36905709.913559295        25984476.340791628        407632.94364282611        182.10124446132986     
   1.0195715140612687        135431432.82985166        620441419.57072353        36642382.380953893        25938022.885487758        408998.84859041695        181.30062385327247     
   1.0198831467634930        134003626.60910057        618213511.47197592        36382732.579852194        25891680.851734582        410347.82455422485        180.51689606636197     
   1.0201984311759142        132600497.35200943        616004541.56432235        36126633.057822704        25845439.706330825        411680.22936629510        179.74948462225319     
   1.0205174100892511        131221191.28444555        613813738.52656221        35873958.638199992        25799288.829943381        412996.43432424817        178.99782491574516     
   1.0208401267956440        129864878.06994225        611640334.25809622        35624586.431115434        25753217.525719628        414296.82343244529        178.26136398507450     
   1.0211666250945304        128530750.44392781        609483564.48100245        35378395.844759494        25707215.027232517        415581.79260494467        177.53956029751245     
   1.0214969492985888        127218023.85914277        607342669.33542824        35135268.598314315        25661270.507557362        416851.74887296354        176.83188355765478     
   1.0218311442397543        125925936.14372003        605216893.97226334        34895088.734883390        25615373.088108297        418107.10957345826        176.13781452947740     
   1.0221692552753014        124653747.16950117        603105489.13961399        34657742.634263664        25569511.847353037        419348.30152596306        175.45684487108497     
   1.0225113282940017        123400738.52745795        601007711.75793958        34423119.025716186        25523675.829833969        420575.76021156821        174.78847698283090     
   1.0228574097223508        122166213.20975357        598922825.48370838        34191109.000069924        25477854.055046856        421789.92894900049        174.13222386508821     
   1.0232075465308694        120949495.29494156        596850101.25532258        33961606.021661401        25432035.526918013        422991.25808805699        173.48760898820427     
   1.0235617862404793        119749929.63998884        594788817.82940590        33734505.938090727        25386209.241955519        424180.20418292028        172.85416616350082     
   1.0239201769289514        118566881.57096194        592738262.29156852        33509706.990176782        25340364.198732339        425357.22920639941        172.23143942798063     
   1.0242827672374317        117399736.57838798        590697730.55425906        33287109.819369510        25294489.405970231        426522.79974956939        171.61898292769376     
   1.0246496063770434        116247900.01122133        588666527.82988369        33066617.474416859        25248573.891229812        427677.38625336171        171.01636080916680     
   1.0250207441355650        115110796.77148746        586643969.08365881        32848135.416092861        25202606.709060978        428821.46225027519        170.42314711226430     
   1.0253962308841877        113987871.00782697        584629379.46302199        32631571.520399835        25156576.949111942        429955.50362944091        169.83892566626398     
   1.0257761175843525        112878585.80869637        582622094.70532036        32416836.079587854        25110473.743582215        431079.98791408358        169.26328998544258     
   1.0261604557946660        111782422.89278591        580621461.51908863        32203841.801770952        25064286.274887457        432195.39357243094        168.69584316795800     
   1.0265492976778987        110698882.29837418        578626837.94263744        31992503.808289792        25018003.782659695        433302.19934451452        168.13619779313217     
   1.0269426960080630        109627482.06998791        576637593.67681205        31782739.629330788        24971615.570650265        434400.88359896682        167.58397581953980     
   1.0273407041775779        108567757.94364350        574653110.39485216        31574469.197249040        24925111.012930240        435491.92370737781        167.03880848046370     
   1.0277433762045145        107519263.02812253        572672782.02398252        31367614.838479225        24878479.560368050        436575.79545956047        166.50033618137732     
   1.0281507667399268        106481567.48508060        570696015.00503361        31162101.263042856        24831710.746250801        437652.97249459149        165.96820839342377     
   1.0285629310752695        105454258.20633613        568722228.52665746        30957855.552246209        24784794.191691719        438723.92576288624        165.44208354590407     
   1.0289799251499030        104436938.48870349        566750854.73510122        30754807.144529197        24737719.610730965        439789.12301743153        164.92162891712536     
   1.0294018055586838        103429227.70663820        564781338.92024922        30552887.819416579        24690476.815035421        440849.02833224792        164.40652052300382     
   1.0298286295596473        102430760.98233068        562813139.67732501        30352031.679845683        24643055.718447551        441904.10165375017        163.89644300452082     
   1.0302604550817778        101441188.85516243        560845729.04865432        30152175.132261198        24595446.340625670        442954.79836711916        163.39108951017553     
   1.0306973407328719        100460176.94755746        558878592.63896954        29953256.865732647        24547638.811146706        444001.56890935899        162.89016158026428     
   1.0311393458074909        99487405.630923167        556911229.71273768        29755217.828873012        24499623.372596473        445044.85839398240        162.39336902552853     
   1.0315865302950100        98522569.689637393        554943153.26903605        29558001.205499623        24451390.383647121        446085.10627002129        161.90042980521491     
   1.0320389548877598        97565377.984181106        552973890.09661984        29361552.388787877        24402930.321762268        447122.74600624503        161.41106990273386     
   1.0324966809892628        96615553.113643363        551002980.80982614        29165818.954046447        24354233.785586651        448158.20480094588        160.92502319924583     
   1.0329597707225677        95672831.077957779        549029979.86631739        28970750.630148120        24305291.496979561        449191.90331535519        160.44203134503300     
   1.0334282869386811        94736960.939718351        547054455.56644142        28776299.269896127        24256094.302929956        450224.25543536164        159.96184362987375     
   1.0339022932250970        93807704.486801535        545075990.03718269        28582418.819042742        24206633.176933307        451255.66805023950        159.48421685045849     
   1.0343818539144274        92884835.894879222        543094179.19876349        28389065.284540057        24156899.220422018        452286.54086149897        159.00891517782085     
   1.0348670340931330        91968141.391471252        541108632.71787906        28196196.701575629        24106883.663633607        453317.26620568696        158.53571002186300     
   1.0353578996103583        91057418.920553908        539118973.94538438        28003773.099985965        24056577.866533577        454348.22890489799        158.06437989612488     
   1.0358545170868669        90152477.809101567        537124839.84186506        27811756.469722971        24005973.319315091        455379.80613195978        157.59471028054574     
   1.0363569539240842        89253138.435310408        535125880.89066315        27620110.725663479        23955061.642737903        456412.36729541322        157.12649348361671     
   1.0368652783132450        88359231.898632720        533121760.99879885        27428801.671930857        23903834.588422440        457446.27394577838        156.65952850462054     
   1.0373795592446493        87470599.692631483        531112157.38830954        27237796.965481211        23852284.038726386        458481.87969264691        156.19362089427509     
   1.0378998665170243        86587093.380144596        529096760.47707683        27047066.079403199        23800402.006650738        459519.53014212259        155.72858261603861     
   1.0384262707469984        85708574.271408260        527075273.75070965        26856580.265811287        23748180.635567490        460559.56284832535        155.26423190723483     
   1.0389588433786858        84834913.105525330        525047413.62668550        26666312.518372260        23695612.198731199        461602.30727652786        154.80039313991307     
   1.0394976566933818        83965989.735242978        523012909.31081593        26476237.534647480        23642689.098727711        462648.08478050434        154.33689668229766     
   1.0400427838193735        83101692.815266117        520971502.64669734        26286331.678324334        23589403.866882190        463697.20859336812        153.87357876108970     
   1.0405942987418655        82241919.494715884        518922947.95987928        26096572.941231545        23535749.162427440        464749.98382559186        153.41028132374137     
   1.0411522763130197        81386575.113369122        516867011.89598936        25906940.905454975        23481717.771760467        465806.70747727068        152.94685190241762     
   1.0417167922621156        80535572.902419403        514803473.25483155        25717416.705366261        23427302.607496209        466867.66845606430        152.48314347833630     
   1.0422879232058280        79688833.689504474        512732122.81999046        25527982.989816766        23372496.707572475        467933.14760608110        152.01901434784071     
   1.0428657466586257        78846285.608567283        510652763.18559313        25338623.884384718        23317293.234210514        469003.41774153197        151.55432798932034     
   1.0434503410432912        78007863.814173520        508565208.57928920        25149324.953903984        23261685.472983316        470078.74369076197        151.08895293237882     
   1.0440417857015649        77173510.201098368        506469284.68394405        24960073.165111475        23205666.831712376        471159.38234206208        150.62276262786435     
   1.0446401609049134        76343173.128644690        504364828.45664567        24770856.849673524        23149230.839502811        472245.58269853558        150.15563532045948     
   1.0452455478654232        75516807.150500074        502251687.94741583        24581665.667365778        23092371.145573013        473337.58593194449        149.68745392217542     
   1.0458580287468242        74694372.749216840        500129722.11530906        24392490.569855560        23035081.518434599        474435.62544936145        149.21810588956717     
   1.0464776866756405        73875836.076723337        497998800.64588004        24203323.764571544        22977355.844708186        475539.92695272423        148.74748310124508     
   1.0471046057524716        73061168.699804902        495858803.76743948        24014158.679188333        22919188.128231209        476650.70850783814        148.27548173889835     
   1.0477388710634084        72250347.351137638        493709622.06767809        23824989.926488690        22860572.489133295        477768.18061359623        147.80200217038745     
   1.0483805686915790        71443353.685996249        491551156.31132883        23635813.269631818        22801503.162877757        478892.54627038952        147.32694883490316     
   1.0490297857288342        70640174.044319481        489383317.25815171        23446625.587983482        22741974.499463484        480024.00105238042        146.85023013116563     
   1.0496866102875657        69840799.218348876        487206025.48204589        23257424.843467049        22681980.962707374        481162.73318073933        146.37175830833402     
   1.0503511315126657        69045224.226282239        485019211.19271475        23068210.047241937        22621517.129334506        482308.92358974158        145.89144935834733     
   1.0510234395936267        68253448.090719432        482822814.05659807        22878981.227254774        22560577.688609999        483462.74600547709        145.40922291327624     
   1.0517036257767800        67465473.623678267        480616783.02246708        22689739.395948682        22499157.441506118        484624.36700849247        144.92500214279474     
   1.0523917823776818        66681307.216480158        478401076.14686269        22500486.518792912        22437251.300334137        485793.94610604417        144.43871365634760     
   1.0530880027936407        65900958.635488808        476175660.42256749        22311225.483284719        22374854.288329531        486971.63579889206        143.95028740749206     
   1.0537923815163948        65124440.823219381        473940511.60876542        22121960.068557862        22311961.539397869        488157.58164836199        143.45965660149218     
   1.0545050141449361        64351769.705376096        471695614.06495321        21932694.915399045        22248568.297719475        489351.92233436246        142.96675760461358     
   1.0552259973984843        63582964.002694130        469440960.58530951        21743435.497095600        22184669.917830966        490554.78972188151        142.47152985819318     
   1.0559554291296154        62818045.048875429        467176552.23771256        21554188.090563830        22120261.864394050        491766.30891289230        141.97391579359385     
   1.0566934083375401        62057036.613265492        464902398.20351046        21364959.748299345        22055339.712436866        492986.59830601601        141.47386075186472     
   1.0574400351815421        61299964.729183376        462618515.62102211        21175758.270730775        21989899.147474039        494215.76964655443        140.97131290520940     
   1.0581954109945708        60546857.527475864        460324929.43176246        20986592.179136526        21923935.965736490        495453.92807322583        140.46622318134391     
   1.0589596382969944        59797745.074994482        458021672.22861362        20797470.689195354        21857446.074639503        496701.17216534895        139.95854519135594     
   1.0597328208105143        59052659.218379363        455708784.10741562        20608403.684991907        21790425.493224595        497957.59398236295        139.44823515975395     
   1.0605150634722424        58311633.432682984        453386312.52072412        20419401.693613466        21722870.352801032        499223.27910234203        138.93525185776704     
   1.0613064724489425        57574702.674987853        451054312.13446069        20230475.860238839        21654776.897648245        500498.30665518786        138.41955653918481     
   1.0621071551514407        56841903.242820598        448712844.68703407        20041637.923746053        21586141.485839538        501782.74935228715        137.90111287901115     
   1.0629172202492017        56113272.637328684        446361978.85114580        19852900.192829590        21516960.590180360        503076.67351218447        137.37988691481715     
   1.0637367776850788        55388849.431092024        444001790.09797215        19664275.522595093        21447230.799244091        504380.13908197498        136.85584699071489     
   1.0645659386902351        54668673.140449144        441632360.56365740        19475777.291663330        21376948.818561360        505693.19965588656        136.32896370414468     
   1.0654048157992397        53952784.102422677        439253778.91858947        19287419.379675198        21306111.471820053        507015.90248677932        135.79920985475795     
   1.0662535228653414        53241223.355842493        436866140.23835677        19099216.145324811        21234715.702291872        508348.28849720297        135.26656039637848     
   1.0671121750759198        52534032.526898384        434469545.87740326        18911182.404768907        21162758.574266877        509690.39228326862        134.73099239093864     
   1.0679808889681206        51831253.718784645        432064103.34446168        18723333.410495933        21090237.274649113        511042.24211620202        134.19248496507782     
   1.0688597824446706        51132929.405473597        429649926.18012780        18535684.830591779        21017149.114633370        512403.85993911675        133.65101926895309     
   1.0697489747898803        50439102.329490505        427227133.83631712        18348252.728392676        20943491.531469211        513775.26135933690        133.10657843727631     
   1.0706485866858328        49749815.403564252        424795851.55747443        18161053.542539686        20869262.090352118        515156.45563756739        132.55914755265263     
   1.0715587402287632        49065111.616092592        422356210.26346439        17974104.067389540        20794458.486396030        516547.44567271229        132.00871361098822     
   1.0724795589456295        48385033.940371297        419908346.43420815        17787421.433763035        20719078.546669379        517948.22798176861        131.45526548882688     
   1.0734111678108782        47709625.247353144        417452401.99548465        17601023.090075403        20643120.232391350        519358.79267817689        130.89879391297939     
   1.0743536932634057        47038928.222034238        414988524.20639676        17414926.783746496        20566581.641140752        520779.12344401405        130.33929143173245     
   1.0753072632237177        46372985.283254221        412516865.54797864        17229150.542938612        20489461.009172656        522209.19749926601        129.77675238800290     
   1.0762720071112930        45711838.506821662        410037583.61284477        17043712.658611622        20411756.713844467        523648.98556846927        129.21117289438757     
   1.0772480558621462        45055529.551954046        407550840.99599612        16858631.666842677        20333467.276083067        525098.45184270688        128.64255080974291     
   1.0782355419465997        44404099.590910934        405056805.18659198        16673926.331416691        20254591.362918675        526557.55393799965        128.07088571733581     
   1.0792345993872623        43757589.241660863        402555648.46023113        16489615.626711469        20175127.790144458        528026.24285237014        127.49617890481458     
   1.0802453637772187        43116038.503706314        400047547.77246672        16305718.720769389        20095075.524930537        529504.46291599632        126.91843334510395     
   1.0812679722984329        42479486.696691386        397532684.65229023        16122254.958684996        20014433.688632272        530992.15174291818        126.33765367931208     
   1.0823025637403667        41847972.401992813        395011245.09654969        15939243.846171523        19933201.559565157        532489.24017675861        125.75384620052458     
   1.0833492785188148        41221533.407095417        392483419.46471298        15756705.033341065        19851378.575827088        533995.65223357698        125.16701883881059     
   1.0844082586949646        40600206.652625471        389949402.37368757        15574658.298725840        19768964.338222258        535511.30504402681        124.57718114762513     
   1.0854796479946753        39984028.182091750        387409392.59307420        15393123.533474341        19685958.613181718        537036.10879141721        123.98434429107877     
   1.0865635918279848        39373033.094181575        384863592.94041002        15212120.725744639        19602361.335733220        538569.96664796595        123.38852103225732     
   1.0876602373088449        38767255.497592717        382312210.17653686        15031669.945276162        19518172.612490371        540112.77470837603        122.78972572239971     
   1.0887697332750876        38166728.468270026        379755454.90070707        14851791.328147201        19433392.724690206        541664.42192231340        122.18797429102656     
   1.0898922303086267        37571484.009059168        377193541.44567972        14672505.061696472        19348022.131236654        543224.79002443305        121.58328423675933     
   1.0910278807558924        36981553.011680089        374626687.77257675        14493831.369600853        19262061.471748851        544793.75346243090        120.97567461877885     
   1.0921768387485116        36396965.220978193        372055115.36548060        14315790.497110525        19175511.569614246        546371.17932335939        120.36516604888557     
   1.0933392602242225        35817749.201329947        369479049.12545800        14138402.696452724        19088373.435078043        547956.92725994403        119.75178068424077     
   1.0945153029480423        35243932.305246182        366898717.26433682        13961688.212368015        19000648.268295582        549550.84941442392        119.13554222041621     
   1.0957051265336777        34675540.644069031        364314351.19797248        13785667.267787445        18912337.462368883        551152.79034120589        118.51647588480684     
   1.0969088924651871        34112599.060680941        361726185.43882293        13610360.049670532        18823442.606401164        552762.58692998509        117.89460843051295     
   1.0981267641188983        33555131.104240865        359134457.48807710        13435786.694963081        18733965.488492217        554380.06832688081        117.26996813028855     
   1.0993589067855829        33003159.006833684        356539407.72697395        13261967.276705990        18643908.098730892        556005.05585618911        116.64258477078887     
   1.1006054876928879        32456703.662051231        353941279.30758137        13088921.790262980        18553272.632115256        557637.36294047744        116.01248964675753     
   1.1018666760280331        31915784.605370205        351340318.04263848        12916670.139716342        18462061.491492152        559276.79502305458        115.37971555550035     
   1.1031426429607727        31380419.996401392        348736772.29489100        12745232.124361353        18370277.290372584        560923.14948769810        114.74429679100739     
   1.1044335616666281        30850626.602844600        346130892.86536819        12574627.425355759        18277922.855732955        562576.21558054793        114.10626913815972     
   1.1057396073503898        30326419.786170475        343522932.88091594        12404875.592521502        18185001.230772126        564235.77433319553        113.46566986683426     
   1.1070609572698973        29807813.489027277        340913147.68106014        12235996.031245094        18091515.677522399        565901.59848370927        112.82253772544760     
   1.1083977907600961        29294820.224216852        338301794.70373994        12068007.989570871        17997469.679479375        567573.45240244176        112.17691293461955     
   1.1097502892573776        28787451.065328866        335689133.37040347        11900930.545391612        17902866.944057439        569251.09201561194        111.52883718008630     
   1.1111186363242045        28285715.638875164        333075424.96996397        11734782.593829174        17807711.405035492        570934.26473365433        110.87835360555489     
   1.1125030176740223        27789622.118028350        330460932.54229206        11569582.834729910        17712007.224822357        572622.70937784691        110.22550680469368     
   1.1139036211964664        27299177.217776109        327845920.76043719        11405349.760340543        17615758.796674576        574316.15611149464        109.57034281287009     
   1.1153206369828608        26814386.191569865        325230655.81225193        11242101.643137231        17518970.746776391        576014.32637209923        108.91290909815686     
   1.1167542573520197        26335252.829359453        322615405.28095162        11079856.523827279        17421647.936218750        577716.93280694808        108.25325455179892     
   1.1182046768763483        25861779.457054023        320000438.02510023        10918632.199510515        17323795.462819420        579423.67920990277        107.59142947780943     
   1.1196720924082484        25393966.937316068        317386024.05766839        10758446.212022360        17225418.662818097        581134.26046158059        106.92748558187424     
   1.1211567031068386        24931814.671657342        314772434.42424411        10599315.836472379        17126523.112455349        582848.36247381999        106.26147595954929     
   1.1226587104649823        24475320.603844736        312159941.08060551        10441258.069962811        17027114.629376445        584565.66213640454        105.59345508349240     
   1.1241783183366352        24024481.224570286        309548816.76961643        10284289.620497657        16927199.273864713        586285.82726681104        104.92347878973113     
   1.1257157329645127        23579291.577294718        306939334.89719903        10128426.896130046        16826783.349984352        588008.51656707725        104.25160426330886     
   1.1272711630080812        23139745.265379142        304331769.40816945        9973685.9942694642        16725873.406432968        589733.37957941974        103.57789002239136     
   1.1288448195718765        22705834.460270397        301726394.66090119        9820082.6912666988        16624476.237352619        591460.05665244581        102.90239590196477     
   1.1304369162341572        22277549.910926580        299123485.30204058        9667632.4321768451        16522598.882834869        593188.17890630243        102.22518303590620     
   1.1320476690758907        21854880.954238404        296523316.14015710        9516350.3208128307        16420248.629367899        594917.36820897716        101.54631383854623     
   1.1336772967100792        21437815.526653804        293926162.01967824        9366251.1099768206        16317433.009925028        596647.23715011054        100.86585198436458     
   1.1353260203114313        21026340.176717542        291332297.69376534        9217349.1920151953        16214159.804021541        598377.38902831811        100.18386238727982     
   1.1369940636463793        20620440.078731112        288741997.69748974        9069658.5895876400        16110437.037442259        600107.41783834912        99.500411178194966     
   1.1386816531034498        20220099.047332350        286155536.22039264        8923192.9467307497        16006272.981821859        601836.90826759266        98.815565681629451     
   1.1403890177239879        19825299.553079858        283573186.97919953        8777965.5201918874        15901676.153974466        603565.43569706054        98.129394390942238     
   1.1421163892332449        19436022.738941729        280995223.09029484        8633989.1710534971        15796655.315011404        605292.56620960380        97.441966942366719     
   1.1438640020718267        19052248.437697493        278421916.94230676        8491276.3566565514        15691219.469230397        607017.85660479730        96.753354087746445     
   1.1456320934275124        18673955.190203376        275853540.06874013        8349839.1228321334        15585377.862779498        608740.85442130081        96.063627666006710     
   1.1474209032674472        18301120.264481828        273290363.02065200        8209689.0964568025        15479139.982110325        610461.09796791791        95.372860573449017     
   1.1492306743707088        17933719.675703898        270732655.24010527        8070837.4782953896        15372515.552089449        612178.11635691614        94.681126732260395     
   1.1510616523612600        17571728.206874389        268180684.93346342        7933295.0362162255        15265514.533977102        613891.42955093877        93.988501058210247     
   1.1529140857412821        17215119.430281378        265634718.94518363        7797072.0987429041        15158147.123151241        615600.54841774481        93.295059426981496     
   1.1547882259249054        16863865.729748763        263095022.63262340        7662178.5489140050        15050423.746469241        617304.97478727694        92.600878638684847     
   1.1566843272723277        16517938.323474282        260561859.74079126        7528623.8185627358        14942355.059553524        619004.20152668993        91.906036381824734     
   1.1586026471243398        16177307.287675995        258035492.27872437        7396416.8828870179        14833951.943615235        620697.71261294011        91.210611195037487     
   1.1605434458372490        15841941.580745222        255516180.39584127        7265566.2554569477        14725225.502214467        622384.98322499765        90.514682428374741     
   1.1625069868182174        15511809.068067214        253004182.25959459        7136079.9835732831        14616187.057685565        624065.47984111146        89.818330202955892     
   1.1644935365610096        15186876.547459077        250499753.93442795        7007965.6439967081        14506848.147259450        625738.66034288087        89.121635369137124     
   1.1665033646821636        14867109.775152931        248003149.26184824        6881230.3390693208        14397220.518930433        627403.97412907961        88.424679463436092     
   1.1685367439575820        14552473.492200110        245514619.74102959        6755880.6932820855        14287316.127218327        629060.86224832013        87.727544664913253     
   1.1705939503595535        14242931.451512890        243034414.41181454        6631922.8501810441        14177147.128471078        630708.75752993196        87.030313749429425     
   1.1726752630942090        13938446.445276283        240562779.73847952        6509362.4697159762        14066725.876028895        632347.08473213704        86.333070043278724     
   1.1747809646394152        13638980.332843624        238099959.49551219        6388204.7259925455        13956064.915092289        633975.26069779554        85.635897375449105     
   1.1769113407831122        13344494.069009857        235646194.65482432        6268454.3054432105        13845176.977355499        635592.69452199189        84.938880028890253     
   1.1790666806621029        13054947.732662477        233201723.27480564        6150115.4054175522        13734074.975388907        637198.78773023270        84.242102690683140     
   1.1812472768012914        12770300.555795548        230766780.39143321        6033191.7331946185        13622771.996763412        638792.93446645269        83.545650401134935     
   1.1834534251533890        12490510.952822369        228341597.91125786        5917686.5054223621        13511281.297944214        640374.52169284166        82.849608501948609     
   1.1856854251390785        12215536.550172640        225926404.50651690        5803602.4479876086        13399616.297954271        641942.92940108420        82.154062583491751     
   1.1879435796876514        11945334.216164421        223521425.51262674        5690941.7963059684        13287790.571773745        643497.53083266772        81.459098431047607     
   1.1902281952781248        11679860.091087280        221126882.82791278        5579706.2960520973        13175817.843543911        645037.69271220546        80.764801970386443     
   1.1925395819808340        11419069.617467221        218742994.81564859        5469897.2043208014        13063711.979560297        646562.77549285581        80.071259212627012     
   1.1948780534995167        11162917.570545958        216369976.20905617        5361515.2912007179        12951486.980984278        648072.13360829186        79.378556198080645     
   1.1972439272138891        10911358.088844324        214008038.01852244        5254560.8417998971        12839156.976432089        649565.11574147746        78.686778939853056     
   1.1996375242227217        10664344.704855427        211657387.44174081        5149033.6586854011        12726736.214322075        651041.06510194088        77.996013366682220     
   1.2020591693874181        10421830.375828983        209318227.77684721        5044933.0647461694        12614239.055019859        652499.31971317879        77.306345265221452     
   1.2045091913761059        10183767.514586717        206990758.33833122        4942257.9064816730        12501679.962822109        653939.21271264728        76.617860222003898     
   1.2069879227082443        9950108.0203541871        204675174.37597674        4841006.5577115435        12389073.497778593        655360.07266349869        75.930643565097611     
   1.2094956997997528        9720803.3096102364        202371666.99717656        4741176.9236875912        12276434.307307754        656761.22387398116        75.244780305295890     
   1.2120328630086714        9495804.3468667120        200080423.09218073        4642766.4456249746        12163777.117707314        658141.98673110874        74.560355077329476     
   1.2145997566813536        9275061.6754054818        197801625.26288462        4545772.1056302581        12051116.725495275        659501.67804265919        73.877452080837557     
   1.2171967291992014        9058525.4479135461        195535451.75493538        4450190.4320256412        11938467.988626290        660839.61139007623        73.196155021338825     
   1.2198241330259478        8846145.4569966160        193282076.39330962        4356017.5050637852        11825845.817593804        662155.09749172698        72.516547051292207     
   1.2224823247554939        8637871.1655466855        191041668.52150184        4263248.9630237361        11713265.166425331        663447.44457600405        71.838710711276988     
   1.2251716651603060        8433651.7369320076        188814392.94429377        4171880.0086766677        11600741.023577033        664715.95876364375        71.162727871397067     
   1.2278925192403800        8233436.0649897000        186600409.87430057        4081905.4161171881        11488288.402749889        665959.94445936370        70.488679673002409     
   1.2306452562727803        8037172.8037835769        184399874.88220641        3993319.5379496687        11375922.333646350        667178.70475317794        69.816646470864583     
   1.2334302498617571        7844810.3971141893        182212938.85089248        3906116.3128162418        11263657.852664204        668371.54182961141        69.146707775812786     
   1.2362478779894532        7656297.1077475753        180039747.93342641        3820289.2732576965        11151509.993552325        669537.75738532946        68.478942197973183     
   1.2390985230672038        7471581.0463426495        177880443.51501241        3735831.5538954735        11039493.778039530        670676.65305445623        67.813427390684424     
   1.2419825719874384        7290610.2000464164        175735162.17887792        3652735.8999246806        10927624.206461148        671787.53084203694        67.150239995232013     
   1.2449004161761894        7113332.4607434357        173604035.67623955        3570994.6759009445        10815916.248377329        672869.69356349518        66.489455586398648     
   1.2478524516462175        6939695.6529369680        171487190.90040031        3490599.8748089289        10704384.833199561        673922.44528961717        65.831148618920764     
   1.2508390790507575        6769647.5612133443        169384749.86470830        3411543.1274101157        10593044.840894649        674945.09180123464        65.175392375203856     
   1.2538607037378982        6603135.9573185844        167296829.68496877        3333815.7118325760        10481911.092671726        675936.94104374445        64.522258913871454     
   1.2569177358055934        6440108.6267649280        165223542.56564459        3257408.5634156680        10370998.341798183        676897.30359217757        63.871819019840075     
   1.2600105901573238        6280513.3950113971        163164995.79056436        3182312.2847671211        10260321.264423896        677825.49311431055        63.224142155399122     
   1.2631396865584050        6124298.1531364247        161121291.71748450        3108517.1560466620        10149894.450570231        678720.82684362691        62.579296412990644     
   1.2663054496929622        5971410.8830358172        159092527.77703357        3036013.1454313113        10039732.395164197        679582.62604990217        61.937348469201176     
   1.2695083092215644        5821799.6820974890        157078796.47573894        2964789.9197679786        9929849.4892252497        680410.21651451464        61.298363540440938     
   1.2727486998395425        5675412.7873341162        155080185.40306869        2894836.8553917748        9820260.0112053528        681202.92900913837        60.662405340327972     
   1.2760270613359839        5532198.5989945345        153096777.24291292        2826143.0490810848        9710978.1184211895        681960.09976968076        60.029536038530075     
   1.2793438386534222        5392105.7035839111        151128649.78885543        2758697.3291565003        9602017.8387193438        682681.07097674930        59.399816221680624     
   1.2826994819482249        5255082.8963239565        149175875.96372077        2692488.2666831333        9493393.0622681100        683365.19123084098        58.773304855916692     
   1.2860944466516893        5121079.2030129526        147238523.84305781        2627504.1867763032        9385117.5335695166        684011.81602876284        58.150059251458536     
   1.2895291935318538        4990043.9012853829        145316656.68266246        2563733.1799839549        9277204.8436592091        684620.30823646858        57.530135029094588     
   1.2930041887560346        4861926.5412510410        143410332.94999149        2501163.1137357214        9169668.4225391727        685190.03856056521        56.913586088762123     
   1.2965199039540931        4736676.9655160494        141519606.35957050        2439781.6438332801        9062521.5318111442        685720.38601341529        56.300464580097731     
   1.3000768162824472        4614245.3285509180        139644525.91201925        2379576.2259781230        8955777.2575935982        686210.73837822082        55.690820875313612     
   1.3036754084888305        4494582.1154292654        137785135.93703458        2320534.1273033228        8849448.5036406219        686660.49266399804        55.084703544042711     
   1.3073161689778121        4377638.1599049056        135941476.13997135        2262642.4379063123        8743547.9847458787        687069.05555688078        54.482159330497289     
   1.3109995918770827        4263364.6618167032        134113581.65183419        2205888.0823640940        8638088.2204384003        687435.84386721230        53.883233132994349     
   1.3147261771045187        4151713.2038447750        132301483.08303411        2150257.8312038789        8533081.5289076958        687760.28496369766        53.287967985537598     
   1.3184964304360309        4042635.7675786428        130505206.58033733        2095738.3123290150        8428540.0212612711        688041.81720400194        52.696405041913550     
   1.3223108635742098        3936084.7489156602        128724773.88720426        2042316.0223709478        8324475.5960471909        688279.89035331237        52.108583561986102     
   1.3261699942177736        3832012.9727700986        126960202.40718636        1989977.3379626065        8220899.9341077534        688473.96599635517        51.524540900470342     
   1.3300743461318314        3730373.7071198667        125211505.27068590        1938708.5269013578        8117824.4936696729        688623.51793102396        50.944312497754233     
   1.3340244492189679        3631120.6763282781        123478691.40407875        1888495.7592196513        8015260.5058777202        688728.03256570664        50.367931873653035     
   1.3380208395911639        3534208.0738225821        121761765.60224456        1839325.1181063815        7913218.9705106309        688787.00928957388        49.795430622943663     
   1.3420640596425579        3439590.5740634850        120060728.60342908        1791182.6106976697        7811710.6520878728        688799.96083863289        49.226838413557644     
   1.3461546581230583        3347223.3438380831        118375577.16675141        1744054.1787108497        7710746.0762833608        688766.41364681814        48.662182987051210     
   1.3502931902128228        3257062.0528696338        116706304.15206280        1697925.7089102161        7610335.5266626133        688685.90818356909        48.101490161405444     
   1.3544802175976067        3169062.8837504396        115052898.60208316        1652783.0433927106        7510489.0417428846        688557.99927700730        47.544783836110454     
   1.3587163085449960        3083182.5412001209        113415345.82662113        1608611.9896823948        7411216.4123798227        688382.25642266893        46.992085999539505     
   1.3630020379815320        2999378.2606527843        111793627.48869593        1565398.3306225818        7312527.1794819273        688158.26407774328        46.443416738582542     
   1.3673379875707430        2917607.8161851922        110187721.69251132        1523127.8340526540        7214430.6320316633        687885.62193788076        45.898794250416678     
   1.3717247457920867        2837829.5277815643        108597603.07293551        1481786.2622649830        7116935.8054484278        687563.94520105468        45.358234856534423     
   1.3761629080208195        2760002.2679563118        107023242.88656168        1441359.3812265967        7020051.4802440060        687192.86481217376        44.821753018778296     
   1.3806530766088021        2684085.4677301622        105464609.10393858        1401832.9695612520        6923786.1810014443        686772.02769299061        44.289361357500610     
   1.3851958609662500        2610039.1219749865        103921666.50294589        1363192.8272832762        6828148.1756613906        686301.09695548122        43.761070671714293     
   1.3897918776444453        2537823.7941399580        102394376.76317334        1325424.7842736964        6733145.4750945978        685779.75209647371        43.236889961123325     
   1.3944417504194131        2467400.6203598860        100882698.56095745        1288514.7084962039        6638785.8329859599        685207.68917789753        42.716826450112386     
   1.3991461103765830        2398731.3129691421        99386587.665141225        1252448.5139424149        6545076.7459833622        684584.62098704476        42.200885613434266     
   1.4039055959964402        2331778.1634200532        97905997.033133045        1217212.1683062166        6452025.4541448960        683910.27718281432        41.689071203719216     
   1.4087208532411801        2266504.0446319883        96440876.907354802        1182791.7003773632        6359638.9416288426        683184.40442123625        41.181385280512444     
   1.4135925356423795        2202872.4127686829        94991174.911622524        1149173.2071574000        6267923.9376738928        682406.76646859548        40.677828241014026     
   1.4185213043896945        2140847.3084745929        93556836.147602007        1116342.8606869467        6176886.9177932069        681577.14429266832        40.178398852145932     
   1.4235078284205978        2080393.3575685511        92137803.290885344        1084286.9145892726        6086534.1052328553        680695.33614128840        39.683094284119704     
   1.4285527845111674        2021475.7712195753        90734016.686707661        1052991.7103243924        5996871.4726467449        679761.15760293952        39.191910145263591     
   1.4336568573679394        1964060.3456166782        89345414.445084676        1022443.6831532422        5907904.7439838704        678774.44165096444        38.704840518040811     
   1.4388207397208370        1908113.4611476986        87971932.535199717        992629.36781277554        5819639.3965826742        677735.03867257654        38.221877996202359     
   1.4440451324171897        1853602.0811034827        86613504.878900945        963535.40390208235        5732080.6634589089        676642.81648295000        37.743013722963958     
   1.4493307445168502        1800493.7499245370        85270063.443159238        935148.54097901331        5645233.5357638719        675497.66032335418        37.268237430077939     
   1.4546782933884319        1748756.5910061998        83941538.331350714        907455.64337132929        5559102.7654155148        674299.47284582676        36.797537477758205     
   1.4600885048066681        1698359.3040785864        82627857.873199016        880443.69470241410        5473692.8678776687        673048.17408355838        36.330900895311622     
   1.4655621130509175        1649271.1621785115        81328948.713235632        854099.80213566613        5389008.1250821482        671743.70140854432        35.868313422426183     
   1.4710998610048196        1601462.0082342338        80044735.897754386        828411.20033987006        5305052.5884688385        670386.00947496889        35.409759550945552     
   1.4767025002571201        1554902.2512719843        78775142.959917471        803365.25518103177        5221830.0821546009        668975.07015364652        34.955222567161371     
   1.4823707912036768        1509562.8622734984        77520092.003182277        778949.46714262641        5139344.2061840892        667510.87245163508        34.504684594366488     
   1.4881055031506623        1465415.3696923545        76279503.782705635        755151.47448122920        5057598.3398794392        665993.42242348846        34.058126635713961     
   1.4939074144189746        1422431.8546509757        75053297.784714460        731959.05612160731        4976595.6452612905        664422.74307219090        33.615528617229216     
   1.4997773124498708        1380584.9458386386        73841392.303829074        709360.13429710874        4896339.0705259340        662798.87423958746        33.176869430866816     
   1.5057159939118405        1339847.8141207097        72643704.518054679        687342.77694227803        4816831.3535845261        661121.87249120092        32.742126977615968     
   1.5117242648087301        1300194.1668868531        71460150.561617255        665895.19984194497        4738075.0256202426        659391.81098952435        32.311278210428760     
   1.5178029405891342        1261598.2421453542        70290645.595324337        645005.76854673820        4660072.4146923488        657608.77936463407        31.884299177068737     
   1.5239528462570693        1224034.8023911391        69135103.874634087        624663.00005814095        4582825.6493304167        655772.88357408124        31.461165062606046     
   1.5301748164839442        1187479.1282539477        67993438.815112501        604855.56429509283        4506336.6621611547        653884.24576311139        31.041850231730884     
   1.5364696957218431        1151907.0119562298        66865563.055554606        585572.28534393699        4430607.1934933858        651943.00411356962        30.626328270523768     
   1.5428383383181337        1117294.7505844899        65751388.518401727        566802.14250540384        4355638.7949193409        649949.31269557285        30.214572027930469     
   1.5492816086314218        1083619.1392005868        64650826.467676111        548534.27114202920        4281432.8328716643        647903.34131258330        29.806553656663048     
   1.5558003811488623        1050857.4638078634        63563787.564396672        530757.96333458216        4207990.4921336090        645805.27534169587        29.402244653485376     
   1.5623955406048453        1018987.4941796572        62490181.919231720        513462.66835942748        4135312.7793400674        643655.31557931192        29.001615899067477     
   1.5690679821010738        987987.47657746472        61429919.142700791        496637.99298948835        4063400.5263971905        641453.67807966506        28.604637697063964     
   1.5758186112280470        957836.12636757747        60382908.392775223        480273.70163071912        3992254.3938543187        639200.59399484959        28.211279812569497     
   1.5826483441879682        928512.62054971093        59349058.419839345        464359.71630149166        3921874.8742188714        636896.30941703659        27.821511509915208     
   1.5895581079190932        899996.59021697112        58328277.609188892        448886.11646221206        3852262.2951912377        634541.08521914703        27.435301589703450     
   1.5965488402215344        872268.11295761506        57320474.020993717        433843.13870411948        3783416.8228282030        632135.19689774374        27.052618425130600     
   1.6036214898845409        845307.70521184721        56325555.427757114        419221.17630537419        3715338.4646314108        629678.93441892636        26.673429997596209     
   1.6107770168152686        819096.31459886313        55343429.349382944        405010.77866208390        3648027.0725497399        627172.60206572665        26.297703931567504     
   1.6180163921690598        793615.31222532236        54374003.085867241        391202.65060208971        3581482.3458949854        624616.51828823832        25.925407528710597     
   1.6253405984812499        768846.48498631490        53417183.747639388        377787.65158980439        3515703.8341750810        622011.01555831393        25.556507801344921     
   1.6327506298005168        744772.02787208289        52472878.283678569        364756.79482899280        3450690.9398337668        619356.44022696372        25.190971505189708     
   1.6402474918237957        721374.53629025363        51540993.507436670        352101.24627114012        3386442.9208997576        616653.15238577279        24.828765171457370     
   1.6478322020327727        698636.99841403356        50621436.120643541        339812.32353661727        3322958.8935453454        613901.52573272609        24.469855138328629     
   1.6555057898319780        676542.78756612330        49714112.735077940        327881.49475600442        3260237.8345580981        611101.94744327641        24.114207581875903     
   1.6632692966884983        655075.65464811272        48818929.892392829        316300.37733719329        3198278.5837144279        608254.81804439193        23.761788546424086     
   1.6711237762733262        634219.72062307515        47935794.082063988        305060.73666616844        3137079.8460718761        605360.55129510595        23.412563974478822     
   1.6790702946043632        613959.46905993822        47064611.757548876        294154.48474671895        3076640.1941711265        602419.57407135866        23.066499736246154     
   1.6871099301911037        594279.73874755541        46205289.350773543        283573.67878532491        3016958.0701512094        599432.32625527401        22.723561658810681     
   1.6952437741810102        575165.71638523508        45357733.285027862        273310.51972705807        2958031.7877822975        596399.26062928850        22.383715555062722     
   1.7034729305076044        556602.92935516778        44521849.986322045        263357.35074788547        2899859.5344213834        593320.84277604287        22.046927252469889     
   1.7117985160402944        538577.23858402751        43697545.893359542        253706.65570865196        2842439.3728914969        590197.55098277214        21.713162621768358     
   1.7202216607359584        521074.83149911067        42884727.466213390        244351.05757506023        2785769.2432825165        587029.87614883506        21.382387605643384     
   1.7287435077923017        504082.21508176741        42083301.193726584        235283.31680921768        2729846.9646933842        583818.32170063455        21.054568247574956     
   1.7373652138030145        487586.20902563987        41293173.599858612        226496.32973610490        2674670.2369012455        580563.40350817004        20.729670720859549     
   1.7460879489147441        471573.93900112261        40514251.248970434        217983.12688935711        2620236.6419723351        577265.64980633510        20.407661357974078     
   1.7549128969859105        456032.83003008022        39746440.750175491        209736.87134034364        2566543.6458201967        573925.60112067964        20.088506680394104     
   1.7638412557473795        440950.59997368994        38989648.760848068        201750.85701375408        2513588.5997133087        570543.81019675336        19.772173428969701     
   1.7728742369650203        426315.25313674996        38243781.989411496        194018.50699263060        2461368.7417312092        567120.84193080780        19.458628594953424     
   1.7820130666041674        412115.07398862741        37508747.197427921        186533.37181646196        2409881.1981876106        563657.27330573159        19.147839451859074     
   1.7912589849960097        398338.62100406922        36784451.201136842        179289.12777432322        2359122.9850123902        560153.69332782738        18.839773588215465     
   1.8006132470059297        384974.72062393307        36070800.872480862        172279.57519603640        2309091.0091078733        556610.70296725479        18.534398941383234     
   1.8100771222038166        372012.46133828675        35367703.139769375        165498.63674280548        2259782.0696699070        553028.91509708273        18.231683832486862     
   1.8196518950363703        359441.18788975774        34675064.987948492        158940.35570038098        2211192.8595008799        549408.95443773887        17.931597002685297     
   1.8293388650014306        347250.49559969804        33992793.458650455        152598.89427536062        2163319.9662975306        545751.45749941864        17.634107650792483     
   1.8391393468243453        335430.22481604153        33320795.650059365        146468.53189685984        2116159.8739303011        542057.07252550602        17.339185472419562     
   1.8490546706364066        323970.45548218297        32658978.716650110        140543.66352481223        2069708.9637184637        538326.45943665213        17.046800700744203     
   1.8590861821553766        312861.50182589079        32007249.868842889        134818.79796604245        2023963.5157068269        534560.28977571579        16.756924149016523     
   1.8692352428681309        302093.90717010124        31365516.372781105        129288.55619840886        1978919.7099288034        530759.24664553243        16.469527254793647     
   1.8795032302154406        291658.43885835964        30733685.549999826        123947.66970540238        1934573.6277020986        526924.02465520368        16.184582126176895     
   1.8898915377789196        281546.08329986827        30111664.777335271        118790.97881993245        1890921.2529120864        523055.32985629141        15.902061589889946     
   1.9004015754701622        271748.04112855782        29499361.486937433        113813.43107943116        1847958.4733217340        519153.87968089210        15.621939241438151     
   1.9110347697221002        262255.72247722524        28896683.166559435        109010.07959244731        1805681.0818990648        515220.40287530638        15.344189497362851     
   1.9217925636825970        253060.74236389247        28303537.360117450        104376.08141732382        1764084.7781725253        511255.63943130500        15.068787649671318     
   1.9326764174103148        244154.91618816354        27719831.668563806        99906.695952626280        1723165.1696093280        507260.34051260102        14.795709922367440     
   1.9436878080728746        235530.25533319486        27145473.751022428        95597.283338956287        1682917.7730183539        503235.26837846648        14.524933529949031     
   1.9548282301473388        227178.96286906072        26580371.326107576        91443.302871358814        1643338.0159706038        499181.19630381133        14.256436737688395     
   1.9660991956230438        219093.42935676829        26024432.173530646        87440.311423066960        1604421.2382418374        495098.90849473490        13.990198923641808     
   1.9775022342068076        211266.22875387123        25477564.136132836        83583.961882405521        1566162.6932959124        490989.19999945810        13.726200642589834     
   1.9890388935305450        203690.11442527149        24939675.122646887        79870.001604986697        1528557.5498262381        486852.87661052140        13.464423692176393     
   2.0007107393613111        196358.01525781691        24410673.111279011        76294.270881810240        1491600.8933687839        482690.75475852721        13.204851181302681     
   2.0125193558138115        189263.03187017402        23890466.153895337        72852.701420591315        1455287.7279677095        478503.66139832902        12.947467600176772     
   2.0244663455653980        182398.43290158990        23378962.380193084        69541.314834767574        1419612.9778438620        474292.43389175623        12.692258890689303     
   2.0365533300735867        175757.65136457249        22876070.001239527        66356.221135303174        1384571.4890081710        470057.91988890688        12.439212515593777     
   2.0487819497961235        169334.28105728820        22381697.312182229        63293.617225965041        1350158.0308144989        465800.97721231432        12.188317525802729     
   2.0611538644136282        163122.07305239319        21895752.694942523        60349.785409749951        1316367.2975031752        461522.47373357980        11.939564626609599     
   2.0736707530548486        157114.93229211096        21418144.622436084        57521.091920275612        1283193.9098784579        457223.28723658680        11.692946245290621     
   2.0863343145245539        151306.91431857136        20948781.665997121        54803.985489353625        1250632.4172510328        452904.30525230104        11.448456602721663     
   2.0991462675340973        145692.22214516930        20487572.506716587        52194.995952954232        1218677.2997116218        448566.42486235051        11.206091790043319     
   2.1121083509346823        140265.20323944604        20034425.949631199        49690.732883905854        1187322.9706517269        444210.55247858557        10.965849848184234     
   2.1252223239533592        135020.34656037745        19589250.938129324        47287.884229926538        1156563.7793061160        439837.60361332021        10.727730844850120     
   2.1384899664317922        129952.27958847675        19151956.565354828        44983.214936272481        1126394.0130529141        435448.50266197382        10.491736942321564     
   2.1519130790678189        125055.76531430901        18722452.080481432        42773.565543762161        1096807.8992821123        431044.18270757864        10.257872450963456     
   2.1654934836598443        120325.69919602406        18300646.889955904        40655.850770918943        1067799.6068384780        426625.58534560818        10.026143867403869     
   2.1792330233540960        115757.10613865388        17886450.556195717        38627.058103692638        1039363.2472433657        422193.66051218612        9.7965599008291147     
   2.1931335628947797        111345.13756566460        17479772.797551684        36684.246420775227        1011492.8760153643        417749.36629192409        9.5691314935973910     
   2.2071969888771612        107085.06863893359        17080523.493011583        34824.544674959572        984182.49438091950        413293.66868439072        9.3438718419669868     
   2.2214252100036194        102972.29564417615        16688612.693217518        33045.150635595463        957426.05151598668        408827.54132237565        9.1207964194861457     
   2.2358201573426966        99002.333516866114        16303950.637067048        31343.329681727675        931217.44725304970        404351.96514498634        8.8999230010697534     
   2.2503837845911852        95170.813454645118        15926447.771256249        29716.413627120903        905550.53504586732        399867.92804568284        8.6812716822616967     
   2.2651180683392846        91473.480560945070        15556014.769730236        28161.799558628129        880419.12491314951        395376.42450317770        8.4648648868065308     
   2.2800250083388676        87906.191480330235        15192562.550550833        26676.948678205754        855816.98617896484        390878.45521835505        8.2507273570670918     
   2.2951066277748877        84464.912016862698        14836002.289396288        25259.385148366069        831737.84991346404        386375.02674890449        8.0388861243821808     
   2.3103649735399681        81145.714748345301        14486245.430172943        23906.694949431159        808175.41112841992        381867.15114308894        7.8293704594134947     
   2.3258021165122065        77944.776662258460        14143203.694167787        22616.524759696655        785123.33084059809        377355.84556156513        7.6222118042376001     
   2.3414201518362390        74858.376836853509        13806789.089201769        21386.580868066208        762575.23812785314        372842.13187981857        7.4174436882849575     
   2.3572211992075953        71882.894181519106        13476913.919802701        20214.628124597497        740524.73225997819        368327.03626449907        7.2151016294670685     
   2.3732074031603845        69014.805238487665        13153490.798702532        19098.488930244206        718965.38493369776        363811.58872330468        7.0152230207099571     
   2.3893809333583533        66250.682039978157        12836432.659442622        18036.042264338703        697890.74259486608        359296.82262997591        6.8178470012012982     
   2.4057439848893556        63587.190012236206        12525652.769654246        17025.222747368360        677294.32880493870        354783.77422336332        6.6230143112894595     
   2.4222987785632730        61021.085918189092        12221064.744515995        16064.019737112176        657169.64661909617        350273.48208606965        6.4307671301894072     
   2.4390475612134233        58549.215834284856        11922582.560129171        15150.476456876057        637510.18094629643        345766.98659967375        6.2411488960809569     
   2.4559926060015052        56168.513159406968        11630120.566682355        14282.689155472694        618309.40088828257        341265.32938058919        6.0542041087823799     
   2.4731362127261121        53875.996655914532        11343593.501421388        13458.806298472498        599560.76205075788        336769.55269128934        5.8699781155537742     
   2.4904807081348639        51668.768523056060        11062916.501462033        12677.027790419123        581257.70883877308        332280.69883101300        5.6885168809787805     
   2.5080284462401967        49544.012503110258        10788005.116498426        11935.604227068983        563393.67673883040        327799.80950456171        5.5098667420403817     
   2.5257818086388495        47498.992020101556        10518775.321420627        11232.836176212910        545962.09458733175        323327.92516760767        5.3340741496849482     
   2.5437432048350996        45531.048350594952        10255143.528837252        10567.073485360770        528956.38682907925        318866.08435097145        5.1611853983861105     
   2.5619150725677793        43637.598825758607        9997026.6014588475        9936.7146140734330        512369.97576468141        314415.32296481443        4.9912463453957789     
   2.5802998781411315        41816.135064232491        9744341.8643351384        9340.2059884346709        496196.28378403396        309976.67358183995        4.8243021215773672     
   2.5989001167595394        40064.221234974109        9497007.1168923452        8776.0413749184227        480428.73558732611        305551.16470257204        4.6603968359386885     
   2.6177183128661730        38379.492349904860        9254940.6447876059        8242.7612706411255        465060.76039126772        301139.82000157336        4.4995732761587295     
   2.6367570204856152        36759.652585538650        9018061.2315151226        7738.9523067888576        450085.79412369721        296743.65755922260        4.3418726075830643     
   2.6560188235704958        35202.473633476329        8786288.1697781663        7263.2466617754808        435497.28160368401        292363.68907766324        4.1873340732721864     
   2.6755063363521829        33705.793079316463        8559541.2726029400        6814.3214806192573        421288.67871001741        288000.91908465745        4.0359946978117218     
   2.6952222036955957        32267.512809687469        8337740.8841790408        6390.8982968444261        407453.45453617285        283656.34412547672        3.8878889976301396     
   2.7151691014581623        30885.597447062450        8120807.8904126938        5991.7424532866980        393985.09353606374        279330.95194780658        3.7430487006271340     
   2.7353497368529940        29558.072812185914        7908663.7291930960        5615.6625180712253        380877.09765730187        275025.72067874979        3.6015024778531814     
   2.7557668488163105        28283.024413802101        7701230.4003515486        5261.5096921858876        368122.98846396169        270741.61799761700        3.4632756899461197     
   2.7764232083791693        27058.595965446922        7498430.4753121519        4928.1772052236392        355716.30925104779        266479.60030823725        3.3283901509299265     
   2.7973216190435539        25882.987929174091        7300187.1064332137        4614.5996959792510        343650.62714787980        262240.61191075668        3.1968639117995137     
   2.8184649171628680        24754.456085916117        7106424.0360283088        4319.7525749232882        331919.53521310922        258025.58417767580        3.0687110661602546     
   2.8398559723268875        23671.310132402021        6917065.6050761836        4042.6513658246226        320516.65451962495        253835.43473496099        2.9439415799382016     
   2.8614976877512253        22631.912304330708        6732036.7616087729        3782.3510241886552        309435.63623100019        249671.06665266215        2.8225611469318128     
   2.8833930006713566        21634.676025727334        6551263.0687902868        3537.9452305314380        298670.16366727866        245533.36764571464        2.7045710716642959     
   2.9055448827412675        20678.064584266584        6374670.7126905797        3308.5656569927819        288213.95436151151        241423.20928918634        2.5899681806997541     
   2.9279563404367659        19760.589832371654        6202186.5097513767        3093.3812061791127        278060.76210354961        237341.44624812005        2.4787447632188293     
   2.9506304154635270        18880.810913941528        6033737.9139641179        2891.5972216974469        268204.37897346006        233288.91552711779        2.3708885413408365     
   2.9735701851699146        18037.333016531244        5869253.0237653628        2702.4546702287216        258638.63736005922        229266.43573894945        2.2663826702808803     
   2.9967787629646434        17228.806148724532        5708660.5886528902        2525.2292955495009        249357.41196561616        225274.80639681008        2.1652057681116563     
   3.0202592987393335        16453.923942594382        5551890.0155481156        2359.2307453336975        240354.62179288361        221314.80722976450        2.0673319745269785     
   3.0440149792960152        15711.422480976298        5398871.3749091970        2203.8016720583687        231624.23211407749        217387.19752480500        1.9727310376922569     
   3.0680490287796482        15000.079149324338        5249535.4066050546        2058.3168097350822        223160.25641865982        213492.71549624027        1.8813684279385665     
   3.0923647091157052        14318.711511950498        5103813.5255746497        1922.1820286076427        214956.75833830950        209632.07768423206        1.7932054767845125     
   3.1169653204528789        13666.176212339193        4961637.8272705832        1794.8333702759546        207007.85354533553        205805.97838282606        1.7081995394965488     
   3.1418542016109887        13041.367897353464        4822941.0929239430        1675.7360660579188        199307.71162379460        202015.08909991485        1.6263041792024364     
   3.1670347305341240        12443.218164891279        4687656.7946055783        1564.3835415830783        191850.55790773424        198260.05804806371        1.5474693703477074     
   3.1925103247491031        11870.694534889897        4555719.1001427565        1460.2964109022955        184630.67528696969        194541.50966920148        1.4716417191904494     
   3.2182844418293040        11322.799443142647        4427062.8778524911        1363.0214634401971        177642.40597371545        190860.04419114912        1.3987646988622602     
   3.2443605798639292        10798.569257772657        4301623.7011411190        1272.1306472979197        170880.15322991824        187216.23721832622        1.3287788965155563     
   3.2707422779327717        10297.073317818917        4179337.8529320853        1187.2200523712640        164338.38304954895        183610.63935543512        1.2616222699965522     
   3.2974331165865394        9817.4129936317950        4060142.3299304312        1107.9088967740470        158011.62579302056        180043.77586378550        1.1972304115291585     
   3.3244367183328127        9358.7207686894944        3943974.8467452377        1033.8385199889585        151894.47777051365        176516.14635109750        1.1355368159175068     
   3.3517567481276958        8920.1593415076568        3830773.8395276470        964.67138588156308        145981.60275744859        173028.22448241414        1.0764731507800787     
   3.3793969138732258        8500.9207486665528        3720478.4696987784        900.09009903126207        140267.73346074909        169580.45773442971        1.0199695266196342     
   3.4073609669206157        8100.2255019488248        3613028.6252327501        839.79643614530414        134747.67282729829        166173.26709054827       0.96595476391917523     
   3.4356527025793899        7717.3217502534217        3508364.9242072748        783.51039757674891        129416.29537923075        162807.04688083931       0.91435665617037876     
   3.4642759606324871        7351.4844329691332        3406428.7061122684        730.96927530711821        124268.54800340683        159482.16412868828       0.86510222411007665     
   3.4932346258574021        7002.0145683843884        3307162.0678249835        681.92676410535682        119299.45255065158        156198.95977986619       0.81811797433552913     
   3.5225326285534266        6668.2388943786245        3210507.9845662289        636.15213813765740        114504.11295252244        152957.75245860560       0.77333019753204912     
   3.5521739450750793        6349.5133784601085        3116411.7855740562        593.42999154442680        109877.78233726173        149758.89487627312       0.73066572513424843     
   3.5821625983717778        6045.2453066386606        3024828.8145474992        553.56238492955254        105416.21397676021        146603.06094921348       0.69005506099434677     
   3.6125026585338365        5754.7642962667032        2935681.8075976707        516.35082244320711        101113.70750258424        143489.65501901574       0.65141630526459104     
   3.6431982433448655        5477.5101581179788        2848922.9082578011        481.62120185640219        96965.968277732492        140419.11110356386       0.61467929543715194     
   3.6742535188406387        5212.9312682289737        2764500.9476093575        449.20910030399443        92968.588878712428        137391.69100420637       0.57977294296005866     
   3.7056726998745133        4960.4922561857138        2682364.0019965856        418.96029954685287        89117.172122486401        134407.57453658283       0.54662647151346355     
   3.7374600506894740        4719.6767579020761        2602460.4903570074        390.73059916563813        85407.382770595694        131466.89968738152       0.51517000125201950     
   3.7696198854968794        4489.9874563406529        2524739.3828873620        364.38528116152969        81834.958058016055        128569.77001306080       0.48533477306557860     
   3.8021565690619914        4270.9463895916788        2449150.5562971705        339.79862474572110        78395.723216128492        125716.26923189036       0.45705338416982411     
   3.8350745172963681        4062.0927546586800        2375644.1374851298        316.85314961082258        75085.565212575151        122906.43336460149       0.43025970928066670     
   3.8683781978571918        3862.9866506133117        2304172.3365121991        295.43957764371811        71900.506461409561        120140.33012183216       0.40488950360504000     
   3.9020721307536261        3673.1974089209416        2234684.6151508885        275.45506674341260        68836.514930027653        117417.84697032561       0.38087920023170752     
   3.9361608889602739        3492.3317716557763        2167140.5955430325        256.80591797292749        65890.003175588456        114739.26745897281       0.35816926916475655     
   3.9706490990378316        3319.9587565775182        2101475.5248439955        239.39901729790270        63056.517823840572        112103.70609060889       0.33669584197273111     
   4.0055414417610056        3155.8031140241283        2037692.9401483068        223.16206161431825        60334.190793014146        109513.37507020349       0.31641240780629931     
   4.0408426527537920        2999.2393642691586        1975615.5078892249        207.99044213598174        57714.635697034442        106961.93547237944       0.29723420053153854     
   4.0765575231322035        2849.8495612444462        1915107.4758828233        193.80418586975932        55192.317967934810        104443.65432715825       0.27910570164663784     
   4.1125850510704227        2706.9272361550679        1855833.7998481777        180.49889941141538        52755.739919799256        101942.15448492546       0.26194446406961347     
   4.1487172021197294        2573.4927637689743        1799489.9004317895        168.33061827161936        50463.153711023464        99540.464502928677       0.24605940610623245     
   4.1848493531690352        2443.9022014531106        1743142.1551223779        156.73178056112727        48211.785026681355        97096.987387815840       0.23083533936235667     
   4.2209815042183418        2318.1901886706528        1686790.5292848083        145.69424629113971        46003.093316086881        94610.271830689730       0.21627075390084985     
