  0.99980681901930812        1230769229917.1599        0.0000000000000000        9.2805458675008098E-002   672.50000000009015        1.8301304067783511E-008   7.2534529263546153E-012
   1.0000000000000000        1230769229917.1599        0.0000000000000000        9.2805458675008098E-002   672.49997460889824        1.8453548953432904E-008   7.3619362847929976E-012
   1.0001931809806919        1226974138042.8096       -67.581237596486915        9.2413319903486488E-002   671.72966023837012        1.8552605808640137E-008   7.4417781146459851E-012
   1.0003863619613838        1219849113835.8315        131.03807409351444        9.1652177323025122E-002   670.08826348315483        1.8603746418488689E-008   7.4930963581084222E-012
   1.0005795429420756        1213035069361.4958        107.12859821622320        9.0940140913711498E-002   668.61726040308542        1.8661294621358884E-008   7.5498329047911460E-012
   1.0007727239227675        1206135147207.6946        113.86316492324576        9.0220527813163073E-002   667.12111291388328        1.8719291275726301E-008   7.6072713996650372E-012
   1.0009659049034594        1199300901669.0393        111.66306453104761        8.9510944268360787E-002   665.64588309046655        1.8780097574100851E-008   7.6669359998316200E-012
   1.0011590858841513        1192472954063.6924        113.21471861521705        8.8803785417828879E-002   664.16837023611708        1.8842846790030170E-008   7.7282055053332745E-012
   1.0013522668648434        1185672684191.9299        113.44546556818490        8.8101672525127073E-002   662.69632602196532        1.8907918645615831E-008   7.7913430262028146E-012
   1.0015454478455352        1178892768695.9878        114.19112905544236        8.7403575570355163E-002   661.22626404310142        1.8975246750178762E-008   7.8562907458847331E-012
   1.0017386288262271        1172137007491.8464        114.75340942606165        8.6709848030361247E-002   659.75884597158222        1.9044940507263578E-008   7.9231145444387645E-012
   1.0019318098069190        1165402187984.7620        115.39137804851222        8.6020334600617476E-002   658.29483518890811        1.9116997639905609E-008   7.9918359731422869E-012
   1.0021249907876109        1158683861188.7783        116.00841073174722        8.5335072137214557E-002   656.83717620156324        1.9191393339304477E-008   8.0624957913939229E-012
   1.0023181717683027        1151981488086.9817        116.64151412352498        8.4654028879216761E-002   655.38610351081047        1.9268164947402216E-008   8.1351256413598992E-012
   1.0025113527489946        1145307227424.2795        117.27660252540711        8.3977196059215942E-002   653.93478280707916        1.9347564060364838E-008   8.2097525644300003E-012
   1.0027045337296865        1138679640750.5183        117.91669836665912        8.3304545996501708E-002   652.47246437773561        1.9429962080271824E-008   8.2863993691016186E-012
   1.0028977147103784        1132098836213.4939        118.55791270966640        8.2636048538034371E-002   650.99883620598393        1.9515429157738463E-008   8.3651010524257219E-012
   1.0030908956910702        1125521726160.0457        119.20182808877152        8.1971684324977270E-002   649.53859508128778        1.9603284568009370E-008   8.4459189234965873E-012
   1.0032840766717621        1118869917313.4292        119.85313061027973        8.1311470402256086E-002   648.13753553168783        1.9692188126093112E-008   8.5289347888617812E-012
   1.0034772576524540        1112084122989.8225        120.51868793585078        8.0655465051920353E-002   646.83138595002026        1.9781065550339148E-008   8.6142155839616888E-012
   1.0036704386331459        1105199172692.4448        121.20222753553961        8.0003734921746186E-002   645.60161119913914        1.9870473841572123E-008   8.7017656970967329E-012
   1.0038636196138377        1098385552672.1404        121.90038863637866        7.9356286789838401E-002   644.34934176324816        1.9963463033667330E-008   8.7915023328909234E-012
   1.0040568005945296        1091912747766.0613        122.60219280790783        7.8712997753791855E-002   642.91468769572020        2.0065068276349756E-008   8.8832838893854067E-012
   1.0042499815752217        1086031053684.5199        123.29271137097909        7.8073591154238134E-002   641.14566869034388        2.0180247817489678E-008   8.9769936626485179E-012
   1.0044431625559136        1080813731155.5663        123.95925481967173        7.7437694326472101E-002   638.99333747557398        2.0310912643734337E-008   9.0726492131580735E-012
   1.0046363435366055        1076025180920.6147        124.59619640808255        7.6804981779440035E-002   636.59276106744210        2.0453211877016285E-008   9.1704891613640823E-012
   1.0048295245172973        1071066204307.7126        125.20741183089686        7.6175373235263355E-002   634.29747690880026        2.0596077520756613E-008   9.2709992685270629E-012
   1.0050227054979892        1065017395987.8717        125.80395754251363        7.5549234198556650E-002   632.65659563367467        2.0721554825308199E-008   9.3748640934769319E-012
   1.0052158864786811        1056744747689.7418        126.40378328080635        7.4927529223533115E-002   632.36226889292118        2.0806383557542316E-008   9.4828755789873797E-012
   1.0054090674593730        1045083191834.7607        127.04702967965540        7.4311895455117336E-002   634.16469746908774        2.0825273365187191E-008   9.5957939896674605E-012
   1.0056022484400648        1029250213948.5249        127.77770379063973        7.3704545665789753E-002   638.65723021270992        2.0759121045143143E-008   9.7140484549324252E-012
   1.0057954294207567        1009295428025.8315        128.60877757595864        7.3107908931253157E-002   646.01188608604423        2.0604699172143447E-008   9.8374078942557038E-012
   1.0059886104014486        986212610404.91418        129.51989845047933        7.2524103771349616E-002   655.85251350913859        2.0378211734138573E-008   9.9648894934817591E-012
   1.0061817913821405        961700811477.07886        130.47298976495330        7.1954455163091083E-002   667.28595269288371        2.0111762517430354E-008   1.0094920194801290E-011
   1.0063749723628324        937767592213.70264        131.42227329349365        7.1399200960025833E-002   679.03523856755248        1.9846076164768272E-008   1.0225631652844703E-011
   1.0065681533435245        916292837329.10681        132.32102328602687        7.0857441051291797E-002   689.67623698085458        1.9621660135453439E-008   1.0355234446721877E-011
   1.0067613343242172        898612372000.82520        133.13202265362690        7.0327334428341159E-002   697.98448822179409        1.9469615829095107E-008   1.0482442181866569E-011
   1.0069545153049126        885203273796.41528        133.84533808359515        6.9806509687151991E-002   703.31009307970851        1.9403952284930403E-008   1.0606846479702753E-011
   1.0071476962856181        875623381599.48450        134.49300095484699        6.9292588522769552E-002   705.77019542602204        1.9418986552844656E-008   1.0729032075357372E-011
   1.0073408772663635        868827049691.21216        135.12968691376747        6.8783636361741049E-002   706.06653370557638        1.9495051140734322E-008   1.0850255282185096E-011
   1.0075340582472700        863659485955.04297        135.79042315764045        6.8278367624650851E-002   705.07345824461265        1.9608766827929627E-008   1.0971890935844784E-011
   1.0077272392288206        859154839820.86804        136.48707687132105        6.7776114351159267E-002   703.55647953560856        1.9739663201285126E-008   1.1095080733515547E-011
   1.0079204202129468        854620878382.75085        137.22543282571786        6.7276690795611480E-002   702.07712013739183        1.9872380256885905E-008   1.1220627377901485E-011
   1.0081136012073761        849673051008.00732        138.00313264947360        6.6780225489593031E-002   700.95427403030260        1.9997855973558886E-008   1.1348959591332900E-011
   1.0083067822430178        844209077173.05676        138.81036343595770        6.6286987794381164E-002   700.28023478227396        2.0113194537706062E-008   1.1480170537111376E-011
   1.0084999634435086        838322405043.38843        139.63532054321030        6.5797248721956580E-002   699.98738128340096        2.0220044957169004E-008   1.1614126270909114E-011
   1.0086931453033960        832194364573.09424        140.46455106276031        6.5311196904941471E-002   699.93283698993196        2.0322312496113175E-008   1.1750596938147450E-011
   1.0088863298008699        826003009119.11169        141.29411540937943        6.4828916849796345E-002   699.97185439827354        2.0424077853770684E-008   1.1889370137169195E-011
   1.0090795248486899        819870769948.06018        142.10310085534738        6.4350389626698298E-002   700.00181051854167        2.0528310958461571E-008   1.2030323793827857E-011
   1.0092727620978945        813852523883.17444        142.93463142027264        6.3875521632121110E-002   699.97426716747736        2.0636539208175486E-008   1.2173493014333436E-011
   1.0094661681526369        807947554915.33411        143.85262100604803        6.3403935754109339E-002   699.88440850560619        2.0749283733805021E-008   1.2319226967510443E-011
   1.0096602494295313        802115972431.71399        144.70517551340131        6.2934309036297251E-002   699.75098514910985        2.0866593713661998E-008   1.2468208301807544E-011
   1.0098558819525563        796303120564.11536        145.45982029923030        6.2464540828364987E-002   699.59756584118315        2.0988206313796648E-008   1.2621073291159816E-011
   1.0100536957928659        790469443759.72607        146.30636775720217        6.1993153038764084E-002   699.44204288712467        2.1113729623898640E-008   1.2778140223991425E-011
   1.0102538640595016        784600095463.40759        147.23313326703223        6.1519811447820927E-002   699.29378994470494        2.1242969615024598E-008   1.2939561105644669E-011
   1.0104564147753923        778694367596.32349        148.15711028286904        6.1044596334500593E-002   699.15450620566889        2.1375994344103807E-008   1.3105468292402081E-011
   1.0106613762970034        772756229318.23889        149.09164046819154        6.0567563363377555E-002   699.02142964135976        2.1513001110474232E-008   1.3275985598536798E-011
   1.0108687773183052        766790298432.24438        150.04543636986034        6.0088754648360623E-002   698.89096851371642        2.1654213654084971E-008   1.3451236775269926E-011
   1.0110786468747903        760799794951.39490        151.01830538960547        5.9608211941111565E-002   698.76070205113137        2.1799825699950226E-008   1.3631351510288034E-011
   1.0112910143475387        754786130472.08936        152.01156417900597        5.9125975912006884E-002   698.62979614600329        2.1949986174905018E-008   1.3816465671894814E-011
   1.0115059094673300        748749524974.11060        153.02570851913094        5.8642088281892615E-002   698.49851495823248        2.2104813143252232E-008   1.4006720660139691E-011
   1.0117233623188076        742689812829.28699        154.06147863766557        5.8156591999696458E-002   698.36750864436806        2.2264414881204890E-008   1.4202262091078586E-011
   1.0119434033446884        736606989936.49573        155.11947872468355        5.7669531475634944E-002   698.23731322892468        2.2428905365974116E-008   1.4403239008373382E-011
   1.0121660633500265        730501380755.02454        156.20032738631838        5.7180952395188972E-002   698.10818428859056        2.2598409733829657E-008   1.4609803669777494E-011
   1.0123913735065240        724373506933.01428        157.30463052318288        5.6690901579539550E-002   697.98021041453035        2.2773060978236419E-008   1.4822111848206924E-011
   1.0126193653568960        718223833184.37708        158.43303704950219        5.6199426944667147E-002   697.85355271749120        2.2952992341938765E-008   1.5040323331051048E-011
   1.0128500708192871        712052624403.62817        159.58626276463346        5.5706577607299058E-002   697.72858927493314        2.3138332424784097E-008   1.5264602220159598E-011
   1.0130835221917385        705860103040.23364        160.76509291538429        5.5212403990874445E-002   697.60577032000879        2.3329209627292339E-008   1.5495116692005125E-011
   1.0133197521567103        699646876686.51086        161.97033526564320        5.4716957730211555E-002   697.48519404009505        2.3525766222652867E-008   1.5732038274938299E-011
   1.0135587937856565        693414325843.90234        163.20275774293989        5.4220291270108328E-002   697.36619607546811        2.3728172809893962E-008   1.5975541225637869E-011
   1.0138006805436559        687164569972.99316        164.46306679088434        5.3722457306030737E-002   697.24734269206522        2.3936629887995069E-008   1.6225802742878499E-011
   1.0140454462940955        680899902244.33997        165.75195383625297        5.3223508412443846E-002   697.12696966907606        2.4151350760281836E-008   1.6483004238993323E-011
   1.0142931253034133        674622001459.07751        167.07018241397193        5.2723497158650483E-002   697.00398715562756        2.4372534127983419E-008   1.6747333045011804E-011
   1.0145437522458938        668331423713.86450        168.41864824382739        5.2222476725443646E-002   696.87844411690003        2.4600343333652179E-008   1.7018983496253264E-011
   1.0147973622085227        662027674580.13367        169.79836961000794        5.1720501722800578E-002   696.75151636459941        2.4834904606035123E-008   1.7298156737319035E-011
   1.0150539906958995        655709753619.23340        171.21042584936501        5.1217628811955344E-002   696.62498980866303        2.5076323182502522E-008   1.7585059463955313E-011
   1.0153136736352082        649376790557.83618        172.65589288168732        5.0713916897897858E-002   696.50061026504295        2.5324705313338920E-008   1.7879902450719603E-011
   1.0155764473812456        643028430700.75330        174.13582060836103        5.0209426929080953E-002   696.37966186304709        2.5580173445361282E-008   1.8182899666061402E-011
   1.0158423487215118        636664871200.91602        175.65125216393062        4.9704221520470701E-002   696.26289995816342        2.5842869423445700E-008   1.8494268230093797E-011
   1.0161114148813610        630286672917.30725        177.20326011094051        4.9198364618236096E-002   696.15072825678556        2.6112948843687687E-008   1.8814228929833512E-011
   1.0163836835292117        623894538248.26074        178.79297467595788        4.8691921313091316E-002   696.04342646780037        2.6390573106413491E-008   1.9143006822874590E-011
   1.0166591927818207        617489175382.37292        180.42159032708975        4.8184957787943718E-002   695.94129627631878        2.6675903994717740E-008   1.9480831614931488E-011
   1.0169379812096198        611071265297.15820        182.09036208065197        4.7677541330170554E-002   695.84470026512827        2.6969101965822221E-008   1.9827937758982695E-011
   1.0172200878421140        604641486280.91321        183.80059591593010        4.7169740346268682E-002   695.75403713349056        2.7270326791637406E-008   2.0184564391510558E-011
   1.0175055521733474        598200545262.22693        185.55364603674690        4.6661624352466999E-002   695.66970707480948        2.7579738638591932E-008   2.0550955244520342E-011
   1.0177944141674313        591749189678.45435        187.35091536148624        4.6153263946311772E-002   695.59209750502714        2.7897498426087640E-008   2.0927358609475864E-011
   1.0180867142641388        585288199069.83777        189.19386071696147        4.5644730774867956E-002   695.52159188114047        2.8223767287467571E-008   2.1314027356652230E-011
   1.0183824933845671        578818368321.94128        191.08399774270708        4.5136097512223805E-002   695.45858926284905        2.8558705553765858E-008   2.1711218974302000E-011
   1.0186817929368652        572340494561.15833        193.02290534221214        4.4627437848663867E-002   695.40352091872819        2.8902471780821882E-008   2.2119195589251749E-011
   1.0189846548220320        565855373281.56787        195.01222785777952        4.4118826486272640E-002   695.35685681430573        2.9255222124272284E-008   2.2538223949508310E-011
   1.0192911214397817        559363802517.26636        197.05367753592293        4.3610339133864910E-002   695.31910253247815        2.9617110075046856E-008   2.2968575371745941E-011
   1.0196012356944799        552866590303.43945        199.14903577046917        4.3102052495988676E-002   695.29079174064270        2.9988286373985370E-008   2.3410525669355210E-011
   1.0199150410011495        546364560829.61572        201.30015566583765        4.2594044254393122E-002   695.27247965284607        3.0368898888827875E-008   2.3864355077013070E-011
   1.0202325812915494        539858557080.24213        203.50896563420886        4.2086393044493416E-002   695.26474044630277        3.0759092322018356E-008   2.4330348180530197E-011
   1.0205539010203244        533349440309.81134        205.77747242837748        4.1579178429084922E-002   695.26816854961010        3.1159007736833809E-008   2.4808793850548288E-011
   1.0208790451712288        526838088092.17889        208.10776595091971        4.1072480871669481E-002   695.28338187934332        3.1568781971758809E-008   2.5299985173545675E-011
   1.0212080592634245        520325392656.98322        210.50202266713450        4.0566381710101594E-002   695.31102491778483        3.1988547029853928E-008   2.5804219373131067E-011
   1.0215409893578522        513812260354.27106        212.96250962446132        4.0060963129439443E-002   695.35177045911030        3.2418429496841172E-008   2.6321797717508699E-011
   1.0218778820636814        507299612163.81989        215.49158840090215        3.9556308133392011E-002   695.40632000618382        3.2858549994811346E-008   2.6853025413446426E-011
   1.0222187845448343        500788384662.53882        218.09171913036204        3.9052500513483995E-002   695.47540349057340        3.3309022646026150E-008   2.7398211489070503E-011
   1.0225637445265889        494279530872.76227        220.76546456577091        3.8549624815437999E-002   695.55977905374641        3.3769954514953729E-008   2.7957668667994293E-011
   1.0229128103022616        487774020716.06732        223.51549488245229        3.8047766303118222E-002   695.66023329030008        3.4241445009369490E-008   2.8531713236168712E-011
   1.0232660307399659        481272841105.29248        226.34459236227340        3.7547010920432326E-002   695.77758195495949        3.4723585238936431E-008   2.9120664901574814E-011
   1.0236234552894552        474776995859.22681        229.25565654010862        3.7047445251274888E-002   695.91267090575514        3.5216457340765490E-008   2.9724846645784041E-011
   1.0239851339890460        468287505612.89746        232.25170899697073        3.6549156477383944E-002   696.06637704424736        3.5720133783478759E-008   3.0344584566514203E-011
   1.0243511174726214        461805407807.38025        235.33589955029643        3.6052232334448792E-002   696.23960912850771        3.6234676657371811E-008   3.0980207711147092E-011
   1.0247214569767222        455331756748.74402        238.51151078070674        3.5556761065938296E-002   696.43330844812363        3.6760136952736098E-008   3.1632047901229146E-011
   1.0250962043477170        448867623690.10675        241.78196489787746        3.5062831374678451E-002   696.64844941474519        3.7296553825650268E-008   3.2300439548552626E-011
   1.0254754120490626        442414096896.29956        245.15082907649060        3.4570532372319510E-002   696.88604012180701        3.7843953850599630E-008   3.2985719463627771E-011
   1.0258591331686486        435972281666.95117        248.62182207323960        3.4079953526216365E-002   697.14712289483123        3.8402350260262997E-008   3.3688226656732143E-011
   1.0262474214262280        429543300319.83752        252.19882075178148        3.3591184604115046E-002   697.43277483187114        3.8971742174935634E-008   3.4408302132421764E-011
   1.0266403311809391        423128292138.81030        255.88586701304652        3.3104315616523244E-002   697.74410831847047        3.9552113824636875E-008   3.5146288677976286E-011
   1.0270379174389155        416728413288.88770        259.68717456788511        3.2619436756566943E-002   698.08227150110008        4.0143433767227872E-008   3.5902530646258163E-011
   1.0274402358609869        410344836699.02490        263.60713671935889        3.2136638337509876E-002   698.44844871220869        4.0745654106108567E-008   3.6677373733948141E-011
   1.0278473427704700        403978751908.84216        267.65033372223940        3.1656010727944023E-002   698.84386084293010        4.1358709711023586E-008   3.7471164756083949E-011
   1.0282592951610561        397631364872.72668        271.82154071654327        3.1177644284411239E-002   699.26976565842085        4.1982517445559190E-008   3.8284251417650342E-011
   1.0286761507047875        391303897718.04193        276.12573612294489        3.0701629281712904E-002   699.72745805545537        4.2616975405478760E-008   3.9116982083571200E-011
   1.0290979677601335        384997588452.81427        280.56810999722336        3.0228055840835356E-002   700.21827025700986        4.3261962172268279E-008   3.9969705548246117E-011
   1.0295248053801589        378713690617.84131        285.15407285481643        2.9757013854405386E-002   700.74357193818810        4.3917336086453262E-008   4.0842770805739808E-011
   1.0299567233207920        372453472880.24597        289.88926483305164        2.9288592909839858E-002   701.30477027990105        4.4582934545853206E-008   4.1736526822282476E-011
   1.0303937820491902        366218218564.82922        294.77956534701167        2.8822882210313445E-002   701.90330994571696        4.5258573334029555E-008   4.2651322312579756E-011
   1.0308360427522045        360009225116.34399        299.83110219158254        2.8359970493257166E-002   702.54067297462802        4.5944045984242553E-008   4.3587505521237655E-011
   1.0312835673449467        353827803491.38611        305.05026261735452        2.7899945946834235E-002   703.21837858755237        4.6639123184916816E-008   4.4545424011370617E-011
   1.0317364184794564        347675277474.32928        310.44370275084327        2.7442896124317585E-002   703.93798290252414        4.7343552232524718E-008   4.5525424462175527E-011
   1.0321946595534719        341552982911.94525        316.01835898279757        2.6988907856304228E-002   704.70107855184665        4.8057056537795422E-008   4.6527852476984350E-011
   1.0326583547193069        335462266865.81500        321.78145900073832        2.6538067161292991E-002   705.50929420146167        4.8779335191981037E-008   4.7553052404554635E-011
   1.0331275688928305        329404486674.47620        327.74053265594193        2.6090459154221545E-002   706.36429396339031        4.9510062598985990E-008   4.8601367174781408E-011
   1.0336023677625557        323381008924.94183        333.90342464343036        2.5646167953521270E-002   707.26777670155684        5.0248888180204883E-008   4.9673138151673424E-011
   1.0340828177988350        317393208328.84747        340.27830568248856        2.5205276586704947E-002   708.22147522668365        5.0995436158267862E-008   5.0768705005534657E-011
   1.0345689862631666        311442466499.69397        346.87368569267460        2.4767866894556574E-002   709.22715537599254        5.1749305425984414E-008   5.1888405606481844E-011
   1.0350609412176115        305530170629.95532        353.69842618547261        2.4334019434322163E-002   710.28661497744440        5.2510069506810481E-008   5.3032575941845129E-011
   1.0355587515343205        299657712064.16229        360.76175345376936        2.3903813381849305E-002   711.40168269347430        5.3277276612561466E-008   5.4201550059245571E-011
   1.0360624869051764        293826484768.62512        368.07327239119581        2.3477326433194286E-002   712.57421674614955        5.4050449804432496E-008   5.5395660038243584E-011
   1.0365722178515520        288037883695.33807        375.64297990214254        2.3054634705743461E-002   713.80610352035580        5.4829087262340674E-008   5.6615235992236377E-011
   1.0370880157341806        282293303039.93951        383.48127946702510        2.2635812639102512E-002   715.09925604477712        5.5612662667530024E-008   5.7860606102822287E-011
   1.0376099527631488        276594134394.74274        391.59899535574152        2.2220932896105473E-002   716.45561235186312        5.6400625702796841E-008   5.9132096688728312E-011
   1.0381381020080038        270941764798.58633        400.00738809016940        2.1810066264300512E-002   717.87713371914799        5.7192402674146061E-008   6.0430032311414693E-011
   1.0386725374079835        265337574684.35260        408.71816885127777        2.1403281558019731E-002   719.36580279119403        5.7987397256607836E-008   6.1754735918587424E-011
   1.0392133337823679        259782935728.27533        417.74351602969432        2.1000645521498700E-002   720.92362158699052        5.8784991366550676E-008   6.3106529027460130E-011
   1.0397605668409537        254279208605.49301        427.09609033778514        2.0602222733395931E-002   722.55260939626328        5.9584546161876289E-008   6.4485731949133776E-011
   1.0403143131946531        248827740655.94351        436.78905171483296        2.0208075512933351E-002   724.25480056815229        6.0385403170245616E-008   6.5892664054827901E-011
   1.0408746503662187        243429863468.12134        446.83607554806775        1.9818263828156088E-002   726.03224219865058        6.1186885544872231E-008   6.7327644084997692E-011
   1.0414416568010980        238086890387.17273        457.25136997991643        1.9432845206577991E-002   727.88699172246015        6.1988299446003608E-008   6.8790990501598916E-011
   1.0420154118784128        232800113955.85944        468.04969284450470        1.9051874648591059E-002   729.82111441600023        6.2788935545152876E-008   7.0283021883474758E-011
   1.0425959959220756        227570803298.25714        479.24636984420840        1.8675404544073907E-002   731.83668082092515        6.3588070648140614E-008   7.1804057364876344E-011
   1.0431834902120314        222400201456.22699        490.85731197267995        1.8303484592506011E-002   733.93576409580271        6.4384969431493496E-008   7.3354417116138182E-011
   1.0437779769956383        217289522690.14801        502.89903441135766        1.7936161726965084E-002   736.12043730622645        6.5178886285750483E-008   7.4934422865602389E-011
   1.0443795394991822        212239949756.70444        515.38867474125936        1.7573480042413551E-002   738.39277066397369        6.5969067257970758E-008   7.6544398461369997E-011
   1.0449882619395265        207252631176.87436        528.34401242747458        1.7215480728603419E-002   740.75482872645875        6.6754752084622395E-008   7.8184670471250523E-011
   1.0456042295359045        202328678508.42831        541.78348782826708        1.6862202007967852E-002   743.20866756799171        6.7535176304786825E-008   7.9855568818701168E-011
   1.0462275285218479        197469163637.45847        555.72622213607076        1.6513679078775132E-002   745.75633193432930        6.8309573442625054E-008   8.1557427452380755E-011
   1.0468582461572598        192675116105.18777        570.19203757038179        1.6169944063984639E-002   748.39985239542409        6.9077177247343531E-008   8.3290585047346409E-011
   1.0474964707406318        187947520484.78818        585.20147739021445        1.5831025965939705E-002   751.14124250647808        6.9837223977435913E-008   8.5055385734519511E-011
   1.0481422916214038        183287313825.61929        600.77582750493877        1.5496950627341261E-002   753.98249599363294        7.0588954716068660E-008   8.6852179856701758E-011
   1.0487957992124739        178695383180.09451        616.93713662898324        1.5167740698610425E-002   756.92558397561982        7.1331617703154839E-008   8.8681324748068231E-011
   1.0494570850028553        174172563230.13126        633.70823909467197        1.4843415611962485E-002   759.97245223692062        7.2064470669792044E-008   9.0543185535437605E-011
   1.0501262415704851        169719634028.98004        651.11277563340695        1.4523991562346352E-002   763.12501856531867        7.2786783160222789E-008   9.2438135959378623E-011
   1.0508033625951843        165337318873.52930        669.17521670737312        1.4209481495343042E-002   766.38517016671415        7.3497838826327236E-008   9.4366559213681526E-011
   1.0514885428717728        161026282323.46408        687.92088490828746        1.3899895102325047E-002   769.75476117386359        7.4196937680466283E-008   9.6328848803753383E-011
   1.0521818783233412        156787128379.77631        707.37597804137340        1.3595238822714534E-002   773.23561025749927        7.4883398291606402E-008   9.8325409422856181E-011
   1.0528834660146775        152620398837.70474        727.56759343809404        1.3295515853617313E-002   776.82949835697934        7.5556559911608616E-008   1.0035665784910124E-010
   1.0535934041658592        148526571825.64935        748.52375148350598        1.3000726166739581E-002   780.53816654089883        7.6215784518258773E-008   1.0242302386519533E-010
   1.0543117921660010        144506060540.74899        770.27342063792503        1.2710866532492874E-002   784.36331400754489        7.6860458762568180E-008   1.0452495120423464E-010
   1.0550387305871698        140559212191.77945        792.84654260787886        1.2425930551361708E-002   788.30659623986242        7.7489995809573480E-008   1.0666289852781985E-010
   1.0557743211984651        136686307156.91727        816.27405791321507        1.2145908692325583E-002   792.36962332306439        7.8103837062207278E-008   1.0883734044224450E-010
   1.0565186669802655        132887558363.07542        840.58793229707192        1.1870788338206071E-002   796.55395843528424        7.8701453759404702E-008   1.1104876856065815E-010
   1.0572718721386467        129163110891.71533        865.82118343004265        1.1600553837760144E-002   800.86111652067200        7.9282348440786364E-008   1.1329769262005042E-010
   1.0580340421199683        125513041814.48674        892.00790861126995        1.1335186564314436E-002   805.29256315430860        7.9846056271842179E-008   1.1558464166345833E-010
   1.0588052836256379        121937360259.74397        919.18331249402354        1.1074664980640797E-002   809.84971360527572        8.0392146224356551E-008   1.1791016529732647E-010
   1.0595857046270476        118436007709.89275        947.38373631041054        1.0818964709822165E-002   814.53393210614365        8.0920222108683589E-008   1.2027483503566758E-010
   1.0603754143806903        115008858527.32022        976.64668696271497        1.0568058611784645E-002   819.34653133547897        8.1429923455373350E-008   1.2267924574197440E-010
   1.0611745234434549        111655720704.83171        1007.0108673659792        1.0321916865097891E-002   824.28877211682493        8.1920926244741573E-008   1.2512401717886146E-010
   1.0619831436881044        108376336835.60144        1038.5162076385932        1.0080507053769673E-002   829.36186334266483        8.2392943484515849E-008   1.2760979567602277E-010
   1.0628013883189371        105170385295.06392        1071.2038964868516        9.8437942585536901E-003   834.56696212421934        8.2845725635924168E-008   1.3013725592330378E-010
   1.0636293718876357        102037481626.36565        1105.1164143513563        9.6117411523968712E-003   839.90517417169224        8.3279060889767553E-008   1.3270710289465541E-010
   1.0644672103093031        98977180119.443558        1140.2975664096921        9.3843080995926302E-003   845.37755440670981        8.3692775294494852E-008   1.3532007390512340E-010
   1.0653150208786908        95988975572.770844        1176.7925177975685        9.1614532582350791E-003   850.98510780979723        8.4086732738957219E-008   1.3797694079995979E-010
   1.0661729222866199        93072305225.280228        1214.6478282780276        8.9431326854856243E-003   856.72879050111067        8.4460834792318971E-008   1.4067851226890217E-010
   1.0670410346365971        90226550845.268829        1253.9114894158724        8.7293004451985800E-003   862.60951105374750        8.4815020404037947E-008   1.4342563627430398E-010
   1.0679194794616289        87451040962.904388        1294.6329619158184        8.5199087175355879E-003   868.62813203989697        8.5149265467280177E-008   1.4621920257693212E-010
   1.0688083797412367        84745053231.171768        1336.8632143662578        8.3149079100282783E-003   874.78547180319845        8.5463582248095867E-008   1.4906014533422442E-010
   1.0697078599186718        82107816900.484299        1380.6547630884522        8.1142467696745223E-003   881.08230645233937        8.5758018683153504E-008   1.5194944574025097E-010
   1.0706180459183379        79538515391.964661        1426.0617136318058        7.9178724956836134E-003   887.51937207157891        8.6032657548862090E-008   1.5488813467019718E-010
   1.0715390651634209        77036288953.579132        1473.1398026560239        7.7257308523835744E-003   894.09736713617724        8.6287615503719169E-008   1.5787729528197718E-010
   1.0724710465937271        74600237383.725555        1521.9464420338361        7.5377662818853497E-003   900.81695512165209        8.6523042005920079E-008   1.6091806552099758E-010
   1.0734141206837335        72229422807.370422        1572.5407639802572        7.3539220161774671E-003   907.67876729697252        8.6739118108591607E-008   1.6401164046791640E-010
   1.0743684194608560        69922872489.117828        1624.9836670593668        7.1741401881767353E-003   914.68340568112797        8.6936055133803935E-008   1.6715927445802500E-010
   1.0753340765239305        67679581668.884491        1679.3378646947331        6.9983619414383681E-003   921.83144614746618        8.7114093227528536E-008   1.7036228289690261E-010
   1.0763112270619177        65498516405.950447        1735.6679339237526        6.8265275381826527E-003   929.12344165457932        8.7273499797505925E-008   1.7362204368932221E-010
   1.0773000078728283        63378616417.549980        1794.0403665170015        6.6585764652926449E-003   936.55992557855973        8.7414567836034181E-008   1.7693999819191156E-010
   1.0783005573828752        61318797899.222244        1854.5236209682892        6.4944475380251786E-003   944.14141512137564        8.7537614130621085E-008   1.8031765159674913E-010
   1.0793130156658526        59317956314.448112        1917.1881761740747        6.3340790011380162E-003   951.86841476448228        8.7642977365530685E-008   1.8375657264799502E-010
   1.0803375244627442        57374969142.129807        1982.1065864176201        6.1774086272042691E-003   959.74141973668145        8.7731016118482279E-008   1.8725839259302712E-010
   1.0813742272015696        55488698571.210991        2049.3535377995336        6.0243738118944349E-003   967.76091946068095        8.7802106757453941E-008   1.9082480326809222E-010
   1.0824232690174607        53657994132.493774        2119.0059057877834        5.8749116660225956E-003   975.92740094104306        8.7856641243665675E-008   1.9445755422011053E-010
   1.0834847967729822        51881695258.658730        2191.1428141270126        5.7289591041876737E-003   984.24135205333823        8.7895024848055397E-008   1.9815844876932336E-010
   1.0845589590786908        50158633764.476234        2265.8456949819711        5.5864529298872796E-003   992.70326469492647        8.7917673790217443E-008   2.0192933892425704E-010
   1.0856459063139410        48487636239.774948        2343.1983494617693        5.4473299169461777E-003   1001.3136377509009        8.7925012809587373E-008   2.0577211906545014E-010
   1.0867457906479370        46867526348.990807        2423.2870100130585        5.3115268871974548E-003   1010.0729798335241        8.7917472680919818E-008   2.0968871832744810E-010
   1.0878587660610366        45297127031.774422        2506.2004022109531        5.1789807843304883E-003   1018.9818117486752        8.7895487687265937E-008   2.1368109161915864E-010
   1.0889849883663072        43775262600.020279        2592.0298083207640        5.0496287438551628E-003   1028.0406686439610        8.7859493065235534E-008   2.1775120923768486E-010
   1.0901246152313397        42300760727.558510        2680.8691296546335        4.9234081591500670E-003   1037.2501017927407        8.7809922438960000E-008   2.2190104504793926E-010
   1.0912778062003217        40872454329.651382        2772.8149506060549        4.8002567436071248E-003   1046.6106799716190        8.7747205260785696E-008   2.2613256322050390E-010
   1.0924447227163721        39489183330.068855        2867.9666004903670        4.6801125888711603E-003   1056.1229903878896        8.7671764277778748E-008   2.3044770354021658E-010
   1.0936255281441440        38149796314.275017        2966.4262164465722        4.5629142191926870E-003   1065.7876391151926        8.7584013044211645E-008   2.3484836532046903E-010
   1.0948203877926945        36853152068.279549        3068.2988044200411        4.4486006419881844E-003   1075.6052510047218        8.7484353501916124E-008   2.3933638998613559E-010
   1.0960294689386272        35598121002.875290        3173.6922989824684        4.3371113946188396E-003   1085.5764690336021        8.7373173649899452E-008   2.4391354240799544E-010
   1.0972529408495109        34383586464.087990        3282.7176219334565        4.2283865875026366E-003   1095.7019530643540        8.7250845326038028E-008   2.4858149110188125E-010
   1.0984909748075764        33208445931.067192        3395.4887383562850        4.1223669436529211E-003   1105.9823779926130        8.7117722123438360E-008   2.5334178743068927E-010
   1.0997437441336952        32071612103.121296        3512.1227104019972        4.0189938347291159E-003   1116.4184312624989        8.6974137463419404E-008   2.5819584397070075E-010
   1.1010114242116449        30972013878.306107        3632.7397483904506        3.9182093137366198E-003   1127.0108097406421        8.6820402846997777E-008   2.6314491223098690E-010
   1.1022941925126604        29908597226.287174        3757.4632581955443        3.8199561444904966E-003   1137.7602159430380        8.6656806305275734E-008   2.6819005993506269E-010
   1.1035922286202817        28880325958.711037        3886.4198855575369        3.7241778279849739E-003   1148.6673536185938        8.6483611067896322E-008   2.7333214809541120E-010
   1.1049057142554932        27886182400.613148        4019.7395554253558        3.6308186257983199E-003   1159.7329226986171        8.6301054466678398E-008   2.7857180812771422E-010
   1.1062348333021645        26925167966.796555        4157.5555077609179        3.5398235806854686E-003   1170.9576136316987        8.6109347089455277E-008   2.8390941926656372E-010
   1.1075797718327944        25996303647.412411        4300.0043275637981        3.4511385345140644E-003   1182.3421011309629        8.5908672196584561E-008   2.8934508655450079E-010
   1.1089407181345596        25098630407.084560        4447.2259701272751        3.3647101436779419E-003   1193.8870373664579        8.5699185409268547E-008   2.9487861968015094E-010
   1.1103178627356742        24231209502.300526        4599.3637805743010        3.2804858921584956E-003   1205.5930446472491        8.5481014676153706E-008   3.0050951294519148E-010
   1.1117113984320637        23393122721.780514        4756.5645071277286        3.1984141023702287E-003   1217.4607076402397        8.5254260520652459E-008   3.0623692663281495E-010
   1.1131215203143556        22583472554.802711        4918.9783090019700        3.1184439439602566E-003   1229.4905651860652        8.5018996568438729E-008   3.1205967004585185E-010
   1.1145484257951916        21801382292.358067        5086.7587564661380        3.0405254406889628E-003   1241.6831017715688        8.4775270350139283E-008   3.1797618646464434E-010
   1.1159923146368642        21045996066.208439        5260.0628261544507        2.9646094755550459E-003   1254.0387387310830        8.4523104371211529E-008   3.2398454026121750E-010
   1.1174533889792835        20316478830.822502        5439.0508876361810        2.8906477943018609E-003   1266.5578252490918        8.4262497436941966E-008   3.3008240638114034E-010
   1.1189318533682751        19612016293.067223        5623.8866848144125        2.8185930074274223E-003   1279.2406292407302        8.3993426216858646E-008   3.3626706237778067E-010
   1.1204279147842173        18931814794.632313        5814.7373095530547        2.7483985908548524E-003   1292.0873281950071        8.3715847030161779E-008   3.4253538315752690E-010
   1.1219417826710170        18275101151.816738        6011.7731686292937        2.6800188853591633E-003   1305.0980000584880        8.3429697829867242E-008   3.4888383855592311E-010
   1.1234736689654303        17641122457.367832        6215.1679444983183        2.6134090948880043E-003   1318.2726142466056        8.3134900361506691E-008   3.5530849383533446E-010
   1.1250237881267353        17029145848.767555        6425.0985486928130        2.5485252838767210E-003   1331.6110228644372        8.2831362469514596E-008   3.6180501315523543E-010
   1.1265923571667531        16438458247.204233        6641.7450697254062        2.4853243736594637E-003   1345.1129522169406        8.2518980522633509E-008   3.6836866602835124E-010
   1.1281795956802303        15868366071.287855        6865.2907144512637        2.4237641380804977E-003   1358.7779946909084        8.2197641928755719E-008   3.7499433674227371E-010
   1.1297857258755815        15318194929.236296        7095.9217436517056        2.3638031983759696E-003   1372.6056010789296        8.1867227708154422E-008   3.8167653668369051E-010
   1.1314109726059973        14787289293.145582        7333.8274030007897        2.3054010174237229E-003   1386.5950734200987        8.1527615094567331E-008   3.8840941947348119E-010
   1.1330555634009229        14275012158.576532        7579.1998479286221        2.2485178934196649E-003   1400.7455584193799        8.1178680133206511E-008   3.9518679878273845E-010
   1.1347197284979127        13780744692.490877        7832.2340653790179        2.1931149530476477E-003   1415.0560415037044        8.0820300245818869E-008   4.0200216867101974E-010
   1.1364037008748613        13303885872.313026        8093.1277905165016        2.1391541442068260E-003   1429.5253415679151        8.0452356734272009E-008   4.0884872626214475E-010
   1.1381077162826210        12843852118.558266        8362.0814207111580        2.0865982283354112E-003   1444.1521064510266        8.0074737195437692E-008   4.1571939654548511E-010
   1.1398320132780047        12400076923.285458        8639.2979264057503        2.0354107723852236E-003   1458.9348091801035        7.9687337822612639E-008   4.2260685907393333E-010
   1.1415768332571850        11972010476.305544        8924.9827595969637        1.9855561404774989E-003   1473.8717450073273        7.9290065570808887E-008   4.2950357631151794E-010
   1.1433424204894866        11559119290.889500        9219.3437610837445        1.9369994852806156E-003   1488.9610292595864        7.8882840166191961E-008   4.3640182337348118E-010
   1.1451290221515857        11160885830.404341        9522.5910655689368        1.8897067391265092E-003   1504.2005960084880        7.8465595942434595E-008   4.4329371889151382E-010
   1.1469368883621123        10776808137.178175        9834.9370078269894        1.8436446049022949E-003   1519.5881975649329        7.8038283490308629E-008   4.5017125673723280E-010
   1.1487662722166663        10406399464.601860        10156.596026834888        1.7987805467286932E-003   1535.1214047898131        7.7600871109447883E-008   4.5702633833367154E-010
   1.1506174298232510        10049187913.311398        10487.784572437064        1.7550827804397196E-003   1550.7976082056346        7.7153346054480114E-008   4.6385080528993634E-010
   1.1524906203381255        9704716072.1657143        10828.721011689735        1.7125202638902024E-003   1566.6140198916230        7.6695715571114505E-008   4.7063647210505620E-010
   1.1543861060020881        9372540664.4821777        11179.625537418440        1.6710626870865238E-003   1582.5676761290554        7.6228007720067260E-008   4.7737515869152043E-010
   1.1563041521771877        9052232199.9392071        11540.720078700322        1.6306804621601546E-003   1598.6554407656986        7.5750271990100230E-008   4.8405872248811427E-010
   1.1582450273838738        8743374632.4060402        11912.228213983117        1.5913447131934756E-003   1614.8740092601631        7.5262579703872175E-008   4.9067908994565329E-010
   1.1602090033385886        8445565023.8306303        12294.375086678350        1.5530272658993581E-003   1631.2199133609520        7.4765024222523737E-008   4.9722828718579660E-010
   1.1621963549918073        8158413214.2591953        12687.387324555268        1.5157006371634683E-003   1647.6895263712872        7.4257720957143941E-008   5.0369846965199285E-010
   1.1642073605665288        7881541497.9959869        13091.492962404192        1.4793380244602764E-003   1664.2790689521814        7.3740807197329771E-008   5.1008195059572189E-010
   1.1662423015972272        7614584305.8187571        13506.921368503083        1.4439132951426428E-003   1680.9846154066527        7.3214441768171541E-008   5.1637122825578953E-010
   1.1683014629692656        7357187893.1575489        13933.903175498563        1.4094009756151831E-003   1697.8021003914678        7.2678804528615900E-008   5.2255901161378257E-010
   1.1703851329587784        7109010034.1024866        14372.670215327953        1.3757762403993875E-003   1714.7273260016161        7.2134095725071773E-008   5.2863824462921183E-010
   1.1724936032730300        6869719721.0728140        14823.455458644872        1.3430149010939276E-003   1731.7559691682568        7.1580535214633376E-008   5.3460212887521983E-010
   1.1746271690912522        6638996869.9894781        15286.492959044623        1.3110933952415942E-003   1748.8835893163086        7.1018361572992120E-008   5.4044414451925411E-010
   1.1767861291059689        6416532030.7775459        15762.017801663147        1.2799887751103192E-003   1766.1056362251386        7.0447831102117080E-008   5.4615806960914350E-010
   1.1789707855648117        6202026103.0284967        16250.266056764576        1.2496786963966254E-003   1783.4174580382069        6.9869216752794475E-008   5.5173799764370590E-010
   1.1811814443128341        5995190056.6668825        16751.474737925833        1.2201414068627398E-003   1800.8143093696278        6.9282806976884524E-008   5.5717835342313872E-010
   1.1834184148353284        5795744657.4683933        17265.881764943377        1.1913557349157355E-003   1818.2913594558979        6.8688904523636492E-008   5.6247390718813689E-010
   1.1856820103011521        5603420197.3033838        17793.725931546302        1.1633010781411592E-003   1835.8437003052168        6.8087825193949086E-008   5.6761978707163944E-010
   1.1879725476065726        5417956228.9916058        18335.246877637397        1.1359573918031901E-003   1853.4663547990526        6.7479896565673840E-008   5.7261148989795028E-010
   1.1902903474196294        5239101305.6654148        18890.685065972670        1.1093051773208068E-003   1871.1542847017884        6.6865456702192030E-008   5.7744489037336347E-010
   1.1926357342250276        5066612724.5694847        19460.281763540006        1.0833254707340730E-003   1888.9023985381414        6.6244852855686978E-008   5.8211624872143416E-010
   1.1950090363695653        4900256275.2326660        20044.279026732365        1.0579998311713924E-003   1906.7055593010114        6.5618440175517992E-008   5.8662221682313898E-010
   1.1974105861081001        4739805991.9764013        20642.919691418781        1.0333103293330111E-003   1924.5585919559171        6.4986580431192667E-008   5.9095984292751141E-010
   1.1998407196500644        4585043910.7261724        21256.447365968768        1.0092395360006743E-003   1942.4562907089455        6.4349640758297704E-008   5.9512657500104301E-010
   1.2022997772065329        4435759830.1129065        21885.106429146774        9.8577051058582141E-004   1960.3934260084507        6.3707992434782172E-008   5.9912026278643091E-010
   1.2047881030378524        4291751076.8716869        22529.142030735442        9.6288678973134264E-004   1978.3647512565758        6.3062009694121695E-008   6.0293915864487691E-010
   1.2073060455018363        4152822275.5457544        23188.800096428637        9.4057237597809477E-004   1996.3650092054384        6.2412068580778462E-008   6.0658191725269316E-010
   1.2098539571025329        4018785122.5108352        23864.327334948928        9.1881172650623870E-004   2014.3889380158380        6.1758545852439421E-008   6.1004759422234653E-010
   1.2124321945395762        3889458164.3503609        24555.971249435293        8.9758974196477029E-004   2032.4312769602350        6.1101817932731438E-008   6.1333564371613391E-010
   1.2150411187581227        3764666580.6174221        25263.980150584390        8.7689175540208515E-004   2050.4867717558473        6.0442259917347739E-008   6.1644591511930072E-010
   1.2176810949993806        3644241971.0037279        25988.603172958890        8.5670352130304186E-004   2068.5501795072332        5.9780244635413989E-008   6.1937864882804510E-010
   1.2203524928517460        3528022146.9678044        26730.090293981903        8.3701120474927821E-004   2086.6162732531711        5.9116141767759293E-008   6.2213447121350886E-010
   1.2230556863025401        3415850927.8424606        27488.692354128594        8.1780137070663189E-004   2104.6798461004232        5.8450317022566959E-008   6.2471438880621947E-010
   1.2257910537903696        3307577941.4629612        28264.661080667105        7.9906097345203316E-004   2122.7357149394684        5.7783131368713840E-008   6.2711978174761814E-010
   1.2285589782581041        3203058429.3432016        29058.249111385012        7.8077734614720570E-004   2140.7787237329399        5.7114940326403769E-008   6.2935239654426444E-010
   1.2313598472064895        3102153056.4231133        29869.710021670027        7.6293819056607107E-004   2158.8037463709707        5.6446093314267978E-008   6.3141433815480251E-010
   1.2341940527483950        3004727725.4135647        30699.298351345511        7.4553156698505950E-004   2176.8056890901016        5.5776933051848560E-008   6.3330806143379558E-010
   1.2370619916637087        2910653395.7445531        31547.269633821685        7.2854588423938412E-004   2194.7794924504201        5.5107795015823995E-008   6.3503636194663870E-010
   1.2399640654548851        2819805907.1324029        32413.880425262942        7.1196988995383362E-004   2212.7201328713395        5.4439006948329727E-008   6.3660236616644206E-010
   1.2429006804031542        2732065807.7644162        33299.388335097494        6.9579266095217806E-004   2230.6226237255160        5.3770888415352124E-008   6.3800952105492854E-010
   1.2458722476253994        2647318187.0939274        34204.052056129782        6.8000359384913544E-004   2248.4820159921419        5.3103750413025947E-008   6.3926158302328778E-010
   1.2488791831317134        2565452513.2329021        35128.131395603144        6.6459239582865911E-004   2266.2933984712504        5.2437895019558513E-008   6.4036260626226931E-010
   1.2519219078836377        2486362474.9223642        36071.887305288088        6.4954907561211089E-004   2284.0518975655377        5.1773615090462203E-008   6.4131693042756778E-010
   1.2550008478530956        2409945828.0521116        37035.581911934387        6.3486393461865856E-004   2301.7526766346868        5.1111193994675395E-008   6.4212916765917933E-010
   1.2581164340820270        2336104246.6962934        38019.478546285973        6.2052755832043942E-004   2319.3909349319752        5.0450905389214517E-008   6.4280418891182782E-010
   1.2612691027427343        2264743178.6179571        39023.841771404135        6.0653080779178613E-004   2336.9619061299709        4.9793013029865550E-008   6.4334710956637756E-010
   1.2644592951989431        2195771705.2019334        40048.937409867547        5.9286481145685128E-004   2354.4608564529258        4.9137770615752592E-008   6.4376327429613709E-010
   1.2676874580675932        2129102405.7543540        41095.032568370851        5.7952095703294631E-004   2371.8830824263709        4.8485421665380358E-008   6.4405824115393429E-010
   1.2709540432813626        2064651226.1110146        42162.395661454910        5.6649088367082023E-004   2389.2239082629808        4.7836199422037885E-008   6.4423776484969778E-010
   1.2742595081519374        2002337351.4915316        43251.296431666662        5.5376647429271082E-004   2406.4786829072432        4.7190326786579139E-008   6.4430777918987498E-010
   1.2776043154340337        1942083083.5212288        44362.005967376950        5.4133984812414616E-004   2423.6427767576042        4.6548016275488281E-008   6.4427437864719104E-010
   1.2809889333901823        1883813721.3535299        45494.796717477431        5.2920335342199188E-004   2440.7115780980816        4.5909470002617281E-008   6.4414379903977574E-010
   1.2844138358562827        1827457446.8078649        46649.942501516365        5.1734956039471453E-004   2457.6804892654650        4.5274879682819687E-008   6.4392239729698523E-010
   1.2878795023079401        1772945213.4411795        47827.718516621375        5.0577125431357619E-004   2474.5449225865295        4.4644426656001874E-008   6.4361663029831543E-010
   1.2913864179275896        1720210639.4693739        49028.401338793105        4.9446142881381494E-004   2491.3002961248771        4.4018281930304661E-008   6.4323303278020524E-010
   1.2949350736724203        1669189904.4460192        50252.268919468144        4.8341327938170817E-004   2507.9420292734699        4.3396606243113717E-008   6.4277819430895114E-010
   1.2985259663431081        1619821649.6114547        51499.600576219083        4.7262019702691452E-004   2524.4655382436949        4.2779550138972000E-008   6.4225873533508876E-010
   1.3021595986533661        1572046881.8150938        52770.676976620256        4.6207576213525768E-004   2540.8662314927692        4.2167254063370841E-008   6.4168128234695202E-010
   1.3058364793003228        1525808880.9211564        54065.780116270675        4.5177373850123563E-004   2557.1395051472709        4.1559848471785335E-008   6.4105244216099083E-010
   1.3095571230357383        1481053110.6000082        55385.193287764327        4.4170806753592224E-004   2573.2807384755279        4.0957453953262244E-008   6.4037877539383148E-010
   1.3133220507380678        1437727132.4085205        56729.201043186178        4.3187286264670822E-004   2589.2852894660036        4.0360181368035286E-008   6.3966676917553431E-010
   1.3171317894853836        1395780523.0671310        58098.089146571190        4.2226240378745298E-004   2605.1484905776547        3.9768131998884449E-008   6.3892280918176277E-010
   1.3209868726291623        1355164794.8336980        59492.144517971203        4.1287113217386618E-004   2620.8656447228350        3.9181397715842714E-008   6.3815315107229572E-010
   1.3248878398689554        1315833318.8804479        60911.655166954457        4.0369364516164205E-004   2636.4320215498665        3.8600061154091060E-008   6.3736389144182039E-010
   1.3288352373279428        1277741251.5786910        62356.910116262006        3.9472469128375436E-004   2651.8428540929544        3.8024195904892123E-008   6.3656093840383535E-010
   1.3328296176293901        1240845463.5969889        63828.199313670004        3.8595916544338150E-004   2667.0933358575130        3.7453866719456679E-008   6.3574998194365267E-010
   1.3368715399740132        1205104471.7200167        65325.813533114473        3.7739210425907234E-004   2682.1786184093385        3.6889129725683571E-008   6.3493646419208386E-010
   1.3409615702182656        1170478373.2958312        66850.044262646406        3.6901868155831649E-004   2697.0938095335150        3.6330032657688313E-008   6.3412554978506372E-010
   1.3451002809535553        1136928783.2222548        68401.183581099816        3.6083420401649845E-004   2711.8339720303916        3.5776615098077213E-008   6.3332209649018031E-010
   1.3492882515864060        1104418773.3833518        69979.524020165831        3.5283410693738419E-004   2726.3941232097300        3.5228908732842306E-008   6.3253062629214988E-010
   1.3535260684195731        1072912814.4490712        71585.358414775314        3.4501395017151999E-004   2740.7692351422138        3.4686937618716806E-008   6.3175529714168013E-010
   1.3578143247341241        1042376719.9546803        73218.979738086229        3.3736941416968847E-004   2754.9542357229811        3.4150718462805900E-008   6.3099987558269544E-010
   1.3621536208724951        1012777592.5753146        74880.680923938547        3.2989629616688034E-004   2768.9440105940425        3.3620260914125464E-008   6.3026771047955255E-010
   1.3665445643225380        984083772.51822901        76570.754674166092        3.2259050649489083E-004   2782.7334059692821        3.3095567866738122E-008   6.2956170807473900E-010
   1.3709877698025654        956264787.95164979        78289.493252146174        3.1544806501855317E-004   2796.3172323933054        3.2576635773882144E-008   6.2888430860823540E-010
   1.3754838593474115        929291307.39626777        80037.188262041847        3.0846509769321128E-004   2809.6902694605774        3.2063454972520547E-008   6.2823746473382731E-010
   1.3800334623955126        903135094.00608635        81814.130413940453        3.0163783324019207E-004   2822.8472715109870        3.1556010017562836E-008   6.2762262196585349E-010
   1.3846372158770284        877768961.66638756        83620.609274742077        2.9496259993629282E-004   2835.7829743060151        3.1054280024837049E-008   6.2704070138483430E-010
   1.3892957643030093        853166732.84128797        85456.913006013536        2.8843582251465960E-004   2848.4921026812158        3.0558239021838681E-008   6.2649208482500266E-010
   1.3940097598556258        829303198.10471427        87323.328087840826        2.8205401917386221E-004   2860.9693791601749        3.0067856305127091E-008   6.2597660275707001E-010
   1.3987798624794725        806154077.28981388        89220.139030506834        2.7581379869132594E-004   2873.2095334985515        2.9583096803076088E-008   6.2549352506416261E-010
   1.4036067399739580        783695982.19699001        91147.628073797896        2.6971185763898122E-004   2885.2073131243556        2.9103921442680649E-008   6.2504155489754545E-010
   1.4084910680867948        761906380.80052519        93106.074874809012        2.6374497769747436E-004   2896.9574944211695        2.8630287518934925E-008   6.2461882577612671E-010
   1.4134335306086017        740763562.89663017        95095.756185205333        2.5791002306580787E-004   2908.4548947928079        2.8162149065238132E-008   6.2422290207321213E-010
   1.4184348194686323        720246607.13920379        97116.945518937093        2.5220393796393850E-004   2919.6943854402107        2.7699457223268017E-008   6.2385078301146603E-010
   1.4234956348316432        700335349.41006196        99169.912810810129        2.4662374422495403E-004   2930.6709047669660        2.7242160610656149E-008   6.2349891025790910E-010
   1.4286166851959148        681010352.47313404        101254.92406801086        2.4116653897395066E-004   2941.3794723219107        2.6790205684799575E-008   6.2316317918233966E-010
   1.4337986874924389        662252876.86494768        103372.24101476198        2.3582949239119377E-004   2951.8152031832697        2.6343537101173230E-008   6.2283895381365104E-010
   1.4390423671852868        644044852.97338820        105522.12073186491        2.3060984555594042E-004   2961.9733226736394        2.5902098064435130E-008   6.2252108549161920E-010
   1.4443484583731714        626368854.26128638        107704.81529275526        2.2550490836890433E-004   2971.8491812976213        2.5465830670763349E-008   6.2220393518238736E-010
   1.4497177038922193        609208071.59106290        109920.57139631298        2.2051205755027590E-004   2981.4382697839665        2.5034676239838085E-008   6.2188139938776936E-010
   1.4551508554199657        592546288.60883129        112169.62999944651        2.1562873471048279E-004   2990.7362341121634        2.4608575634975492E-008   6.2154693954398671E-010
   1.4606486735805864        576367858.14842331        114452.22594918055        2.1085244449129626E-004   2999.7388904030640        2.4187469570032561E-008   6.2119361477074160E-010
   1.4662119280513826        560657679.61634552        116768.58761737055        2.0618075277436512E-004   3008.4422395498041        2.3771298901768369E-008   6.2081411779499271E-010
   1.4718413976705347        545401177.32137346        119118.93653812520        2.0161128495511956E-004   3016.8424814722662        2.3360004906517206E-008   6.2040081384245427E-010
   1.4775378705461357        530584279.71174896        121503.48705028227        1.9714172427877453E-004   3024.9360288710145        2.2953529540072218E-008   6.1994578225257104E-010
   1.4833021441665242        516193399.48634773        123922.44594640745        1.9276981023658735E-004   3032.7195203721817        2.2551815679900876E-008   6.1944086054701908E-010
   1.4891350255119304        502215414.54614264        126376.01212912108        1.8849333701980226E-004   3040.1898329518599        2.2154807348908197E-008   6.1887769064992169E-010
   1.4950373311674516        488637649.75302416        128864.37627701228        1.8431015202857647E-004   3047.3440935371677        2.1762449920083730E-008   6.1824776693245933E-010
   1.5010098874373696        475447859.46545392        131387.72052117970        1.8021815443408773E-004   3054.1796896914243        2.1374690301582734E-008   6.1754248573396638E-010
   1.5070535304608330        462634210.81987715        133946.21813341483        1.7621529379113085E-004   3060.6942792962091        2.0991477101860032E-008   6.1675319599026395E-010
   1.5131691063289128        450185267.72879869        136540.03322839033        1.7229956869920397E-004   3066.8857991538812        2.0612760774672253E-008   6.1587125058619483E-010
   1.5193574712030520        438089975.56719083        139169.32047967333        1.6846902551009767E-004   3072.7524724465916        2.0238493743892638E-008   6.1488805803893517E-010
   1.5256194914349270        426337646.51880187        141834.22485209059        1.6472175707944609E-004   3078.2928149947252        1.9868630508174490E-008   6.1379513410978908E-010
   1.5319560436877326        414917945.55645144        144534.88135082446        1.6105590156080391E-004   3083.5056402728073        1.9503127725709517E-008   6.1258415294333015E-010
   1.5383680150589134        403820877.02948159        147271.41478813303        1.5746964123982961E-004   3088.3900631504089        1.9141944279364455E-008   6.1124699733251407E-010
   1.5448563032043534        393036771.83350980        150043.93956963395        1.5396120140695823E-004   3092.9455023388832        1.8785041322654241E-008   6.0977580771752216E-010
   1.5514218164640461        382556275.13801277        152852.55949941935        1.5052884926679302E-004   3097.1716815357058        1.8432382307100734E-008   6.0816302953725454E-010
   1.5580654739892590        372370334.64755678        155697.36760653587        1.4717089288218942E-004   3101.0686292689652        1.8083932991597298E-008   6.0640145856748498E-010
   1.5647882058712117        362470189.37420714        158578.44599194726        1.4388568015174185E-004   3104.6366774594462        1.7739661434543119E-008   6.0448428390235452E-010
   1.5715909532712853        352847358.89840412        161495.86569771255        1.4067159781880367E-004   3107.8764587229534        1.7399537969543830E-008   6.0240512825732071E-010
   1.5784746685527828        343493633.09688252        164449.68659793588        1.3752707051062574E-004   3110.7889024512983        1.7063535165573078E-008   6.0015808530136317E-010
   1.5854403154142565        334401062.31678975        167439.95731276265        1.3445055980619729E-004   3113.3752297172082        1.6731627772550853E-008   5.9773775375630642E-010
   1.5924888690244234        325561947.97581750        170466.71514454027        1.3144056333138079E-004   3115.6369470567884        1.6403792653345549E-008   5.9513926803441541E-010
   1.5996213161586850        316968833.56860691        173529.98603765492        1.2849561387989712E-004   3117.5758391920472        1.6080008703236834E-008   5.9235832522058156E-010
   1.6068386553372731        308614496.06111640        176629.78456080946        1.2561427855921798E-004   3119.1939607642025        1.5760256757955679E-008   5.8939120824442990E-010
   1.6141418969650396        300491937.65444851        179766.11391263886        1.2279515795995884E-004   3120.4936271521001        1.5444519491396363E-008   5.8623480512365466E-010
   1.6215320634729102        292594377.90082932        182938.96594990158        1.2003688534774328E-004   3121.4774044558335        1.5132781304144137E-008   5.8288662419999103E-010
   1.6290101894610203        284915246.15491050        186148.32123853912        1.1733812587648093E-004   3122.1480987303894        1.4825028203960964E-008   5.7934480532770672E-010
   1.6365773218435571        277448174.34444904        189394.14912678598        1.1469757582221205E-004   3122.5087445575641        1.4521247679387383E-008   5.7560812701340824E-010
   1.6442345199953246        270186990.04468870        192676.40784019328        1.1211396183643860E-004   3122.5625930441856        1.4221428567590546E-008   5.7167600954189977E-010
   1.6519828559000511        263125709.84170410        195995.04459810266        1.0958604021817232E-004   3122.3130993360487        1.3925560917594814E-008   5.6754851415942524E-010
   1.6598234143004653        256258532.97063732        199349.99575083301        1.0711259620398463E-004   3121.7639097402403        1.3633635850007850E-008   5.6322633841996019E-010
   1.6677572928501554        249579835.21507907        202741.18693693183        1.0469244327520969E-004   3120.9188485431841        1.3345645414314450E-008   5.5871080783029090E-010
   1.6757856022672384        243084163.05467337        206168.53326006929        1.0232442248162633E-004   3119.7819046113095        1.3061582444788511E-008   5.5400386395927175E-010
   1.6839094664898562        236766228.04875809        209631.93948447503        1.0000740178113648E-004   3118.3572178616432        1.2781440416040650E-008   5.4910804920335877E-010
   1.6921300228335241        230620901.44405618        213131.30024807627        9.7740275394686367E-005   3116.6490656818273        1.2505213299151675E-008   5.4402648842163001E-010
   1.7004484221503509        224643208.99525821        216666.50029298465        9.5521963175952348E-005   3114.6618493787364        1.2232895419307394E-008   5.3876286767427549E-010
   1.7088658289901548        218828325.98795536        220237.41471158960        9.3351409995363622E-005   3112.4000807285111        1.1964481315802076E-008   5.3332141031467920E-010
   1.7173834217634973        213171572.45362273        223843.90920812933        9.1227585137882550E-005   3109.8683686974541        1.1699965605196876E-008   5.2770685069717611E-010
   1.7260023929066559        207668408.56726545        227485.84037416338        8.9149481714278570E-005   3107.0714063976957        1.1439342848387855E-008   5.2192440577323445E-010
   1.7347239490485622        202314430.21845093        231163.05597717059        8.7116116085374546E-005   3104.0139583354799        1.1182607422246742E-008   5.1597974485344119E-010
   1.7435493111797249        197105364.74718377        234875.39526143626        8.5126527298956179E-005   3100.7008480039758        1.0929753396451104E-008   5.0987895781640688E-010
   1.7524797148231672        192037066.83656436        238622.68925983223        8.3179776539087398E-005   3097.1369458703680        1.0680774416050076E-008   5.0362852204577375E-010
   1.7615164102073941        187105514.55443963        242404.76111569730        8.1274946587449911E-005   3093.3271577957539        1.0435663590239737E-008   4.9723526837247391E-010
   1.7706606624414203        182306805.53682214        246221.42641377935        7.9411141296460632E-005   3089.2764139251453        1.0194413387758292E-008   4.9070634629434648E-010
   1.7799137516918830        177637153.30628687        250072.49351911410        7.7587485073946641E-005   3084.9896580773843        9.9570155392495739E-009   4.8404918873717677E-010
   1.7892769733622600        173092883.71886241        253957.76392286480        7.5803122379123795E-005   3080.4718376597061        9.7234609468710265E-009   4.7727147661056935E-010
   1.7987516382742226        168670431.53331593        257877.03259414461        7.4057217229633206E-005   3075.7278941257200        9.4937396013594947E-009   4.7038110339989535E-010
   1.8083390728511470        164366337.09715301        261830.08833692610        7.2348952719461786E-005   3070.7627539912478        9.2678405067116520E-009   4.6338614002206779E-010
   1.8180406193038077        160177243.14406651        265816.71415089368        7.0677530547632331E-005   3065.5813204195197        9.0457516125784597E-009   4.5629480015829493E-010
   1.8278576358182845        156099891.69759643        269836.68759522313        6.9042170557350762E-005   3060.1884653780839        8.8274597544021629E-009   4.4911540625922289E-010
   1.8377914967461044        152131121.07636890        273889.78115517710        6.7442110285518953E-005   3054.5890223693254        8.6129506012879648E-009   4.4185635640246395E-010
   1.8478435927966448        148267862.99652454        277975.76260920620        6.5876604522505016E-005   3048.7877797333754        8.4022086115493919E-009   4.3452609216487482E-010
   1.8580153312318299        144507139.76697019        282094.39539749018        6.4344924881882404E-005   3042.7894745142025        8.1952169958061889E-009   4.2713306765281125E-010
   1.8683081360631433        140846061.57379448        286245.43898941157        6.2846359380192693E-005   3036.5987868826610        7.9919576874999140E-009   4.1968571981815456E-010
   1.8787234482509829        137281823.84986562        290428.64925056644        6.1380212026363628E-005   3030.2203351008247        7.7924113206161400E-009   4.1219244016712198E-010
   1.8892627259063937        133811704.72639833        294643.77880796220        5.9945802420842428E-005   3023.6586710152983        7.5965572144057983E-009   4.0466154795451578E-010
   1.8999274444951970        130433062.56310219        298890.57741254382        5.8542465364193249E-005   3016.9182760626736        7.4043733648375005E-009   3.9710126493683634E-010
   1.9107190970445509        127143333.55387796        303168.79229939508        5.7169550475050648E-005   3010.0035577652070        7.2158364425054648E-009   3.8951969174244891E-010
   1.9216391943519702        123940029.40526691        307478.16854352067        5.5826421817352685E-005   3002.9188467018148        7.0309217966861582E-009   3.8192478590155193E-010
   1.9326892651968339        120820735.08481734        311818.44941251725        5.4512457536619685E-005   2995.6683939276973        6.8496034652157701E-009   3.7432434156288917E-010
   1.9438708565544069        117783106.63699855        316189.37671371328        5.3227049505276435E-005   2988.2563688243858        6.6718541898577813E-009   3.6672597091195951E-010
   1.9551855338124153        114824869.06404555        320590.69113726052        5.1969602976722945E-005   2980.6868573536494        6.4976454367951906E-009   3.5913708729049952E-010
   1.9666348809901928        111943814.26974492        325022.13259313779        5.0739536248217201E-005   2972.9638606953731        6.3269474219054242E-009   3.5156489000789062E-010
   1.9782205009604390        109137799.06378299        329483.44054265594        4.9536280332256846E-005   2965.0912942423274        6.1597291404367076E-009   3.4401635082154089E-010
   1.9899440156736183        106404743.22474916        333974.35432409710        4.8359278636404547E-005   2957.0729869295897        5.9959584007246321E-009   3.3649820205554333E-010
   2.0018070663850267        103742627.61992449        338494.61347160535        4.7207986651448961E-005   2948.9126808757337        5.8356018615848181E-009   3.2901692631787275E-010
   2.0138113138845624        101149492.37993205        343043.95802788541        4.6081871647676531E-005   2940.6140313099090        5.6786250730095155E-009   3.2157874776796019E-010
   2.0259584387292295        98623435.126670435        347622.12885010801        4.4980412379218067E-005   2932.1806067656516        5.5249925198163721E-009   3.1418962488127985E-010
   2.0382501414784144        96162609.252796471        352228.86790867383        4.3903098796254302E-005   2923.6158895156927        5.3746676678921492E-009   3.0685524465072405E-010
   2.0506881429319552        93765222.251179889        356863.91857970192        4.2849431764918431E-005   2914.9232762263550        5.2276130126856125E-009   2.9958101816024584E-010
   2.0632741843710511        91429534.092991471        361527.02592963655        4.1818922794861566E-005   2906.1060788139298        5.0837901296246435E-009   2.9237207746354651E-010
   2.0760100278020346        89153855.652815685        366217.93699312751        4.0811093774190811E-005   2897.1675254776096        4.9431597261265828E-009   2.8523327369573161E-010
   2.0888974562030462        86936547.179542065        370936.40104361752        3.9825476711716128E-005   2888.1107618934707        4.8056816948981630E-009   2.7816917634545334E-010
   2.1019382737736487        84776016.811723530        375682.16985661507        3.8861613486346203E-005   2878.9388525494296        4.6713151682321588E-009   2.7118407361305101E-010
   2.1151343061874068        82670719.136105031        380454.99796591967        3.7919055603453490E-005   2869.6547822038738        4.5400185730168810E-009   2.6428197377923362E-010
   2.1284874008474759        80619153.788165301        385254.64291295968        3.6997363958086337E-005   2860.2614574514055        4.4117496861983191E-009   2.5746660750932871E-010
   2.1419994271452345        78619864.093528077        390080.86548878066        3.6096108604892997E-005   2850.7617083811451        4.2864656904472723E-009   2.5074143101840131E-010
   2.1556722767219907        76671435.749051660        394933.42996956530        3.5214868534546047E-005   2841.1582903111866        4.1641232297941181E-009   2.4410963002294775E-010
   2.1695078637338083        74772495.542580649        399812.10434510419        3.4353231456568106E-005   2831.4538855865158        4.0446784650206156E-009   2.3757412440714721E-010
   2.1835081251194808        72921710.110276669        404716.66054075217        3.3510793588374983E-005   2821.6511054277953        3.9280871286047552E-009   2.3113757353271755E-010
   2.1976750208716989        71117784.730540514        409646.87463270570        3.2687159450408911E-005   2811.7524918192139        3.8143045790379559E-009   2.2480238212399438E-010
   2.2120105343114407        69359462.153481975        414602.52705703292        3.1881941667158673E-005   2801.7605194226185        3.7032858543427812E-009   2.1857070666163699E-010
   2.2265166723656336        67645521.465036586        419583.40281283419        3.1094760773960821E-005   2791.6775975104197        3.5949857246412080E-009   2.1244446222165511E-010
   2.2411954658481128        65974776.984822631        424589.29165866022        3.0325245029448373E-005   2781.5060719076500        3.4893587436390188E-009   2.0642532969908827E-010
   2.2560489697439352        64346077.196727403        429619.98830411013        2.9573030233416702E-005   2771.2482269326101        3.3863592988962003E-009   2.0051476335777405E-010
   2.2710792634970671        62758303.711470276        434675.29259497806        2.8837759550052223E-005   2760.9062873318135        3.2859416607830967E-009   1.9471399865206579E-010
   2.2862884513014987        61210370.260165319        439755.00969385012        2.8119083336292866E-005   2750.4824201987381        3.1880600300209965E-009   1.8902406026806512E-010
   2.3016786623958279        59701221.718164869        444858.95025478053        2.7416658975261209E-005   2739.9787368746788        3.0926685837313755E-009   1.8344577033637933E-010
   2.3172520513613448        58229833.158247530        449986.93059364334        2.6730150714535795E-005   2729.3972948215082        2.9997215199183761E-009   1.7797975677024228E-010
   2.3330107984236683        56795208.932424478        455138.77285357355        2.6059229509176643E-005   2718.7400994643467        2.9091731003307341E-009   1.7262646168707309E-010
   2.3489571097579667        55396381.781576596        460314.30516602111        2.5403572869355927E-005   2708.0091059997935        2.8209776916556886E-009   1.6738614987416175E-010
   2.3650932177978223        54032411.972144827        465513.36180734390        2.4762864712444709E-005   2697.2062211650700        2.7350898050081963E-009   1.6225891726220481E-010
   2.3814213815477570        52702386.459123291        470735.78335197439        2.4136795219415905E-005   2686.3333049647517        2.6514641336883440E-009   1.5724469937344009E-010
   2.3979438868994922        51405418.074672118        475981.41682089918        2.3525060695464123E-005   2675.3921723545423        2.5700555891914455E-009   1.5234327971430215E-010
   2.4146630469519637        50140644.741537780        481250.11582798260        2.2927363434634837E-005   2664.3845948750536        2.4908193354567579E-009   1.4755429808453247E-010
   2.4315812023351482        48907228.710738279        486541.74072140030        2.2343411588449649E-005   2653.3123022406630        2.4137108213606561E-009   1.4287725877873090E-010
   2.4487007215377457        47704355.822651818        491856.15872368269        2.1772919038265365E-005   2642.1769838741689        2.3386858114503996E-009   1.3831153865712544E-010
   2.4660240012387575        46531234.791050129        497193.24406724307        2.1215605271399179E-005   2630.9802903942732        2.2657004149416251E-009   1.3385639506690512E-010
   2.4835534666430181        45387096.509200878        502552.87812867627        2.0671195260728643E-005   2619.7238350464695        2.1947111129842629E-009   1.2951097359540860E-010
   2.5012915718207118        44271193.377577692        507934.94956024841        2.0139419347780335E-005   2608.4091950834299        2.1256747842297512E-009   1.2527431564091217E-010
   2.5192408000509388        43182798.652509049        513339.35441857902        1.9620013129157475E-005   2597.0379130927531        2.0585487287244577E-009   1.2114536578760431E-010
   2.5374036641693620        42121205.815093324        518765.99629261118        1.9112717346140486E-005   2585.6114982691638        1.9932906901569991E-009   1.1712297897318267E-010
   2.5557827069200023        41085727.959901579        524214.78642840893        1.8617277777442261E-005   2574.1314276362477        1.9298588765014989E-009   1.1320592744036931E-010
   2.5743805013112082        40075697.202749699        529685.64385413402        1.8133445134904554E-005   2562.5991472120140        1.8682119790873963E-009   1.0939290746393336E-010
   2.5931996509758721        39090464.107156478        535178.49550166458        1.7660974962168297E-005   2551.0160731263150        1.8083091901473288E-009   1.0568254584815252E-010
   2.6122427905359320        38129397.128725588        540693.27632906847        1.7199627536060160E-005   2539.3835926824563        1.7501102188744318E-009   1.0207340618897930E-010
   2.6315125859712083        37191882.077079386        546229.92944077007        1.6749167770723741E-005   2527.7030653697452        1.6935753060448165E-009   9.8563994898610862E-011
   2.6510117349926325        36277321.594721869        551788.40620826802        1.6309365124324705E-005   2515.9758238243708        1.6386652372460159E-009   9.5152766989907650E-011
   2.6707429674199195        35385134.652429387        557368.66638821142        1.5879993508325168E-005   2504.2031747446435        1.5853413547662216E-009   9.1838131620407913E-011
   2.6907090455637332        34514756.060437456        562970.67824348982        1.5460831199062112E-005   2492.3863997500939        1.5335655681809347E-009   8.8618457394912718E-011
   2.7109127646124014        33665635.995260544        568594.41866094677        1.5051660751786727E-005   2480.5267562014897        1.4833003637043584E-009   8.5492077429392633E-011
   2.7313569530232327        32837239.541360460        574239.87327157869        1.4652268916850896E-005   2468.6254779675037        1.4345088123392193E-009   8.2457294176603830E-011
   2.7520444729184934        32029046.247358613        579907.03657111467        1.4262446558076809E-005   2456.6837761463939        1.3871545768840458E-009   7.9512384016909961E-011
   2.7729782204860935        31240549.696338829        585595.91204038053        1.3881988573231603E-005   2444.7028397448821        1.3412019178476886E-009   7.6655601617641686E-011
   2.7941611263850463        30471257.089636378        591306.51227005653        1.3510693816406342E-005   2432.6838363043221        1.2966156983131929E-009   7.3885184064179123E-011
   2.8155961561557481        29720688.843765777        597038.85908719676        1.3148365022294851E-005   2420.6279124810831        1.2533613878044808E-009   7.1199354767648281E-011
   2.8372863106351485        28988378.199987184        602792.98369000165        1.2794808732218539E-005   2408.5361945725249        1.2114050652014498E-009   6.8596327153713649E-011
   2.8592346263768551        28273870.845538549        608568.92679316865        1.2449835221478582E-005   2396.4097889647169        1.1707134207219181E-009   6.6074308135450609E-011
   2.8814441760762426        27576724.546511073        614366.73881040851        1.2113258428075105E-005   2384.2497824891834        1.1312537570429772E-009   6.3631501377246573E-011
   2.9039180690006221        26896508.788507160        620186.48007099493        1.1784895880693817E-005   2372.0572425560445        1.0929939894227747E-009   6.1266110341953779E-011
   2.9266594514245261        26232804.429250266        626028.22122102079        1.1464568627875799E-005   2359.8332170690651        1.0559026451406105E-009   5.8976341144161813E-011
   2.9496715070701782        25585203.346763227        631892.04353255872        1.1152101160499588E-005   2347.5787337966099        1.0199488614066162E-009   5.6760405158687777E-011
   2.9729574575532030        24953308.169862051        637778.03881962819        1.0847321379839544E-005   2335.2948027682050        9.8510238636111062E-010   5.4616521734706844E-011
   2.9965205628336458        24336732.248956624        643686.29924530501        1.0550060752860745E-005   2322.9824386904402        9.5133358984033173E-010   5.2542921758839351E-011
   3.0203641216723538        23735101.790198844        649616.85813623690        1.0260155946128894E-005   2310.6428208772199        9.1861357779237077E-010   5.0537859754610357E-011
   3.0444914720927914        23148064.647255238        655569.40640538756        9.9774553443749014E-006   2298.2779724476354        8.8691461174048288E-010   4.8599652949396973E-011
   3.0689059918483563        22575245.509456262        661544.55895688443        9.7017870620348282E-006   2285.8876443927561        8.5620798652665778E-010   4.6726498521218386E-011
   3.0936110988952512        22016284.607912704        667542.80340827233        9.4329868450750774E-006   2273.4719157206300        8.2646591159098070E-010   4.4916640312124750E-011
   3.1186102518709893        21470849.405903019        673564.11374978919        9.1709064871934920E-006   2261.0321350209547        7.9766204656426226E-010   4.3168416244501853E-011
   3.1439069505785904        20938612.483091820        679608.57297763333        8.9153981714042664E-006   2248.5693991256690        7.6977045571998605E-010   4.1480169547123051E-011
   3.1695047364765454        20419253.135503393        685676.32404549152        8.6663157468328609E-006   2236.0846692665027        7.4276569365253908E-010   3.9850258092719118E-011
   3.1954071931746064        19912458.247971956        691767.53963937948        8.4235154714105465E-006   2223.5788451964590        7.1662285307767667E-010   3.8277060238271364E-011
   3.2216179469354822        19417922.474117029        697882.41101701092        8.1868562546579983E-006   2211.0527931663687        6.9131757832953142E-010   3.6758977578319365E-011
   3.2481406671825046        18935348.160631575        704021.14403957909        7.9561997140357039E-006   2198.5073561969848        6.6682606591273984E-010   3.5294436486980772E-011
   3.2749790670133341        18464445.187203877        710183.95770551683        7.7314101672857791E-006   2185.9433581282747        6.4312506041642149E-010   3.3881889174456826E-011
   3.3021369037197834        18004930.779694080        716371.08360729681        7.5123546019105310E-006   2173.3616053589067        6.2019184859560829E-010   3.2519814504285927E-011
   3.3296179793138263        17556529.316708349        722582.76575214847        7.2989026362254619E-006   2160.7628876706103        5.9800425261884080E-010   3.1206718660920076E-011
   3.3574261410598658        17118972.136818010        728819.26054176840        7.0909264772538900E-006   2148.1479786475775        5.7654062286342045E-010   2.9941135703733320E-011
   3.3855652820133435        16691997.349150231        735080.83683160716        6.8883008775207511E-006   2135.5176358939348        5.5577983042116323E-010   2.8721628024757126E-011
   3.4140393415657484        16275349.648626305        741367.77602672321        6.6909030917673763E-006   2122.8726011540571        5.3570125940691982E-010   2.7546786721171883E-011
   3.4428523059961256        15868780.136154667        747680.37220201362        6.4986128339222852E-006   2110.2136003703959        5.1628479911493565E-010   2.6415231889532212E-011
   3.4720082090291386        15472046.143991144        754018.93223423860        6.3113122345922888E-006   2097.5413437111324        4.9751083606150679E-010   2.5325612848008272E-011
   3.5015111323997821        15084911.066231387        760383.77594183048        6.1288857991571413E-006   2084.8565255793792        4.7936024593988691E-010   2.4276608291757704E-011
   3.5313652064248071        14707144.194339149        766775.23623037129        5.9512203665088663E-006   2072.1598246136150        4.6181438550878713E-010   2.3266926386096519E-011
   3.5615746105809576        14338520.557638893        773193.65923957655        5.7782050684857829E-006   2059.4519036903521        4.4485508443580319E-010   2.2295304801987295E-011
   3.5921435740900800        13978820.768582391        779639.40449366882        5.6097312899708769E-006   2046.7334099300374        4.2846463711075234E-010   2.1360510697779309E-011
   3.6230763765112033        13627830.872702897        786112.84505099745        5.4456926296883198E-006   2034.0049747179528        4.1262579444674364E-010   2.0461340651253346E-011
   3.6543773483396627        13285342.203099079        792614.36765356513        5.2859848616837418E-006   2021.2672137450081        3.9732175568299770E-010   1.9596620545618228E-011
   3.6860508716133564        12951151.239204237        799144.37287968642        5.1305058974073745E-006   2008.5207270619453        3.8253616019901682E-010   1.8765205412658502E-011
   3.7181013805262162        12625059.470112571        805703.27528092195        4.9791557486781080E-006   1995.7660992036688        3.6825307936823570E-010   1.7965979237612609E-011
   3.7505333620489805        12306873.261111857        812291.50355779717        4.8318364906787843E-006   1983.0038992433531        3.5445700841692732E-010   1.7197854725356354E-011
   3.7833513565573593        11996403.726611054        818909.50062286481        4.6884522272560256E-006   1970.2346811943851        3.4113285842326472E-010   1.6459773040589215E-011
   3.8165599584676673        11693466.600430079        825557.72395212087        4.5489090524375298E-006   1957.4589836530497        3.2826594813673999E-010   1.5750703499444851E-011
   3.8501638168800323        11397882.127133779        832236.64515792963        4.4131150242983991E-006   1944.6773317196075        3.1584199650015756E-010   1.5069643282016586E-011
   3.8841676362292508        11109474.910492832        838946.75161774561        4.2809801082189330E-006   1931.8902329800844        3.0384711356306099E-010   1.4415616992872537E-011
   3.9185761769433993        10828073.890164761        845688.54260503652        4.1524162039780180E-006   1919.0981899499661        2.9226779596277078E-010   1.3787676534079822E-011
   3.9533942561102742        10553511.986532584        852462.54005883611        4.0273369513761947E-006   1906.3016680054939        2.8109091055385210E-010   1.3184900075507040E-011
   3.9886267481517712        10285626.650056669        859269.26027977944        3.9056581292957142E-006   1893.5011850592066        2.7030370995083551E-010   1.2606393334731858E-011
   4.0242785855062895        10024257.989106067        866109.28985874914        3.7872964717028266E-006   1880.6970695209588        2.5989376334590388E-010   1.2051284700966817E-011
   4.0603547593192548        9769253.4275069106        872983.08336245979        3.6721727168558322E-006   1867.8901243542409        2.4984911366600552E-010   1.1518736551190048E-011
   4.0968603201418698        9520454.7871947158        879891.50388745964        3.5602033382736093E-006   1855.0798163435436        2.4015783115634988E-010   1.1007913762850154E-011
   4.1338003786381687        9277732.7387320176        886834.37951976201        3.4513225604205319E-006   1842.2692311182916        2.3080917854230455E-010   1.0518065251649552E-011
   4.1711801063005023        9040893.5641832855        893814.36047737277        3.3454233074181185E-006   1829.4515220872536        2.2179047292529972E-010   1.0048306799885853E-011
   4.2090047361735197        8809930.3164230678        900826.61063932301        3.2425152652639165E-006   1816.6470122685969        2.1309544377024066E-010   9.5981934922611312E-012
   4.2472795635867886        8584344.7164989542        907886.36648921273        3.1423012099620007E-006   1803.8015718941233        2.0470187068528590E-010   9.1662040964607626E-012
   4.2860099468961179        8363966.3021553410        915051.36558642949        3.0444609880572537E-006   1790.7792163557472        1.9660445836756980E-010   8.7512536986427893E-012
   4.3250846961410581        8147804.6437965808        922336.79569642839        2.9483578510892918E-006   1777.4064871740545        1.8876737110129333E-010   8.3508519573880295E-012
   4.3642746858597405        7941166.6472416986        929621.10569673777        2.8567734508520537E-006   1764.2635475134241        1.8136475179534472E-010   7.9749677244623021E-012
   4.4034646755784230        7734528.6506868154        936905.41569704714        2.7651890506148156E-006   1750.5799630657837        1.7405900934041719E-010   7.6054081806407673E-012
   4.4426546652971046        7527890.6541319331        944189.72569735651        2.6736046503775783E-006   1736.3125086640221        1.6685214320928582E-010   7.2423042979586051E-012
