  0.99980783220400882        923066191589.62244        10731766.894330189        76906079617.961746        16996360.863833923        659.87166513065972        1.4635689585593203     
   1.0000000000000000        923066111426.00671        10811930.506096724        76905988613.448227        17087357.637889650        667.59518097672697        1.4804881664552618     
   1.0001921677959911        917824274190.81519        10861652.165931281        76469131420.682236        17128918.264608007        675.35523632794320        1.4979249032197557     
   1.0003843355919824        908781633032.60132        10886177.563984269        75715579205.512329        17129742.867990885        682.87128722825730        1.5158617857968921     
   1.0005765033879734        899919489569.83057        10913635.126549082        74977064756.477676        17134519.910985317        690.71705534228431        1.5340803075217837     
   1.0007686711839647        891039371007.32227        10941213.237533107        74237052926.109497        17138763.213835381        698.70383287749121        1.5526430988395337     
   1.0009608389799558        882273115565.83081        10969889.668205634        73506528788.952835        17143998.058538165        706.85497593994080        1.5715535701918351     
   1.0011530067759469        873579443697.17798        10999288.879794344        72782052963.466644        17149612.344992820        715.15697202869478        1.5908281269475888     
   1.0013451745719382        864974174285.50366        11029577.422979094        72064943461.046234        17155848.916259170        723.61948609031413        1.6104766447631862     
   1.0015373423679292        856450502804.12732        11060723.981016902        71354633303.997177        17162638.940939702        732.24529280522563        1.6305116531909920     
   1.0017295101639203        848009775388.94800        11092773.286310781        70651234623.844452        17170032.629171744        741.04033454350247        1.6509451886871225     
   1.0019216779599116        839650270557.49121        11125742.252332173        69954603958.840790        17178036.250317242        750.00965350359206        1.6717900730886706     
   1.0021138457559027        831371404581.15076        11159658.878553454        69264692644.013123        17186673.039824016        759.15889411037847        1.6930594609223701     
   1.0023060135518940        823172177356.57166        11194547.586957330        68581417322.160011        17195960.304490924        768.49373066614726        1.7147670360772971     
   1.0024981813478850        815051751412.10498        11230434.724251993        67904708186.197983        17205918.002302669        778.02008914042290        1.7369269607521636     
   1.0026903491438761        807009238188.10620        11267346.486609314        67234491172.281448        17216565.525025651        787.74406897191750        1.7595539189498937     
   1.0028825169398674        799043778114.78369        11305309.692566629        66570694631.780212        17227922.905424446        797.67197903656017        1.7826631246911508     
   1.0030746847358585        791154511275.80164        11344351.483197207        65913246887.044044        17240010.363314770        807.81033047829840        1.8062703443334927     
   1.0032668525318498        783340588537.89966        11384499.424306987        65262077158.686104        17252848.473775931        818.16584597031203        1.8303919142560936     
   1.0034590203278408        775601167658.17310        11425781.456123371        64617115241.248688        17266458.101114165        828.74546266755806        1.8550447610760308     
   1.0036511881238319        767935415047.45593        11468225.899255365        63978291650.146759        17280860.420161717        839.55633741131362        1.8802464217008621     
   1.0038433559198232        760342505486.28638        11511861.438343503        63345537598.014618        17296076.904151082        850.60585092707220        1.9060150642577049     
   1.0040355237158143        752821622584.40405        11556717.112863867        62718785032.949974        17312129.324285008        861.90161228368424        1.9323695095064397     
   1.0042276915118054        745371958869.51392        11602822.303725705        62097966646.000969        17329039.743676275        873.45146316119019        1.9593292528955815     
   1.0044198593077966        737992715897.80322        11650206.719952695        61483015880.276024        17346830.512087058        885.26348211181380        1.9869144871968070     
   1.0046120271037877        730683104249.95081        11698900.383838261        60873866930.684158        17365524.259090446        897.34598873047821        2.0151461257609595     
   1.0048041948997790        723442343487.42432        11748933.615171632        60270454740.342743        17385143.886469461        909.70754772795328        2.0440458263935160     
   1.0049963626957701        716269662083.97791        11800337.014493056        59672714994.741905        17405712.559696965        922.35697286834113        2.0736360158595262     
   1.0051885304917612        709164297349.52466        11853141.445433451        59080584115.519501        17427253.698644970        935.30333074797147        2.1039399150447999     
   1.0053806982877525        702125495354.53625        11907378.016195655        58493999254.149788        17449790.967442267        948.55594438883770        2.1349815647730770     
   1.0055728660837435        695152510857.93640        11963078.060249358        57912898285.894760        17473348.263544839        962.12439663223165        2.1667858522942081     
   1.0057650338797346        688244607232.70093        12020273.116218705        57337219803.673279        17497949.705958739        976.01853331533391        2.1993785384595341     
   1.0059572016757259        681401056392.19226        12078994.907077685        56766903111.916122        17523619.622650802        990.24846621672509        2.2327862855894018     
   1.0061493694717170        674621138713.07983        12139275.318664588        56201888220.129776        17550382.537099764        1004.8245757534424        2.2670366860472027     
   1.0063415372677083        667904142957.37573        12201146.377600143        55642115836.429970        17578263.154037666        1019.7575134135362        2.3021582915348122     
   1.0065337050636995        661249366195.11072        12264640.228687871        55087527361.125427        17607286.344387487        1035.0582039054916        2.3381806431213645     
   1.0067258728596917        654656113725.35999        12329789.111829368        54538064880.113495        17637477.129331689        1050.7378470030458        2.3751343020174067     
   1.0069180406556868        648123699006.94189        12396625.338645678        53993671159.175079        17668860.663727935        1066.8079190708977        2.4130508811167353     
   1.0071102084516932        641651443578.57104        12465181.268711403        53454289637.262756        17701462.218560312        1083.2801742509068        2.4519630773130023     
   1.0073023762477462        635238677018.31970        12535489.285945557        52919864423.217537        17735307.163174704        1100.1666452913730        2.4919047046271618     
   1.0074945440439846        628884736809.85596        12607581.774197092        52390340284.575951        17770420.945684019        1117.4796440310297        2.5329107281726433     
   1.0076867118409645        622588968462.62732        12681491.095528765        51865662657.633545        17806829.076299649        1135.2317615099114        2.5750172991013804     
   1.0078788796409106        616350724934.48401        12757249.564237727        51345777599.341133        17844557.102941543        1153.4358680583889        2.6182617909411650     
   1.0080710474527215        610169367851.31909        12834889.444851257        50830631888.951691        17883630.615913723        1172.1051136226797        2.6626828391915662     
   1.0082632153119921        604044263526.60962        12914442.933222065        50320172696.309883        17924075.213172499        1191.2529329347806        2.7083203911881495     
   1.0084553833611001        597974791498.77795        12995942.377413476        49814348293.134377        17965916.738352988        1210.8930644853815        2.7552157966979713     
   1.0086475521695593        591960312869.42480        13079420.619282056        49313105414.366692        18009181.442981452        1231.0396479899957        2.8034120597459933     
   1.0088397240154223        586000218794.62903        13164914.113217818        48816393296.344658        18053899.002059884        1251.7075846556809        2.8529547611947614     
   1.0090319080109005        580093636926.24109        13252470.852581671        48324139208.619133        18100108.180945333        1272.9141342015182        2.9038957116074324     
   1.0092241406048403        574239485003.27832        13342194.287310738        47836252884.583725        18147895.777794015        1294.6850642071117        2.9563079293451975     
   1.0094165675926261        568432899315.76733        13434381.684812123        47352328801.873970        18197499.684328552        1317.0805325736235        3.0103470675203736     
   1.0096097721557959        562655077935.00696        13529554.730789531        46870799821.660339        18249274.711994991        1340.2188142964108        3.0663100046910357     
   1.0098047636041412        556876270845.17004        13628189.159691587        46389186577.823616        18303458.500033483        1364.2366342579312        3.1245466620181843     
   1.0100022707614600        551075868392.38672        13730538.472770056        45905771540.331337        18360130.978350487        1389.2304708120469        3.1853173239510277     
   1.0102024982934592        545249042286.20966        13836761.999484401        45420152279.344681        18419377.655030247        1415.2605208661805        3.2487944342357920     
   1.0104054836693552        539396686814.54523        13947025.093054920        44932403208.686325        18481322.429934092        1442.3801672596239        3.3151353677536957     
   1.0106112648744479        533519529442.17841        14061495.825867603        44442584840.771599        18546088.901209258        1470.6454218976528        3.3845084557202783     
   1.0108198804172304        527618125380.46515        14180346.564523831        43950743332.134407        18613802.458803713        1500.1153914374913        3.4570937210115855     
   1.0110313693365947        521693037075.36462        14303756.601580856        43456925437.578514        18684593.666732747        1530.8524767393867        3.5330837485738957     
   1.0112457712091358        515744828859.87048        14431912.127173793        42961178064.773552        18758598.046170067        1562.9225047485309        3.6126846738189613     
   1.0114631261565596        509774080630.59961        14565006.706912003        42463549413.602028        18835956.518440105        1596.3949129594196        3.6961172405685767     
   1.0116834748531907        503781385260.11176        14703241.487479523        41964088760.386635        18916815.469210584        1631.3429258281874        3.7836179555062981     
   1.0119068585335826        497767350203.69318        14846825.500612389        41462846591.740685        19001326.925483305        1667.8437428221584        3.8754403398358996     
   1.0121333190002362        491732597280.66467        14995975.944633802        40959874586.138046        19089648.683569569        1705.9787297476203        3.9718562902062273     
   1.0123628986314195        485677763096.73761        15150918.493173733        40455225649.093361        19181944.451602377        1745.8336159011851        4.0731575580060815     
   1.0125956403891014        479603499262.54504        15311887.615100227        39948953931.153160        19278383.983409550        1787.4986954429874        4.1796573585837580     
   1.0128315878269887        473510472731.66949        15479126.913652655        39441114856.095482        19379143.212288439        1831.0690328371829        4.2916921225750260     
   1.0130707850986775        467399366161.28088        15652889.483987261        38931765150.733528        19484404.381312754        1876.6446714840126        4.4096234028763108     
   1.0133132769659159        461270878353.78088        15833438.291468507        38420962881.747421        19594356.171427570        1924.3308447682564        4.5338399521766251     
   1.0135591088069795        455125724783.20074        16021046.571963590        37908767499.369072        19709193.826808348        1974.2381885349325        4.6647599873611503     
   1.0138083266251650        448964638207.00366        16215998.255446276        37395239888.352272        19829119.277668811        2026.4829539751115        4.8028336587690426     
   1.0140609770573967        442788369326.20508        16418588.413627706        36880442422.836754        19954341.259945393        2081.1872198371525        4.9485457439401790     
   1.0143171073829556        436597687446.50922        16629123.731917158        36364439021.407959        20085075.431512151        2138.4791028702484        5.1024185873834105     
   1.0145767655323257        430393381108.64331        16847923.005408883        35847295199.518486        20221544.484196089        2198.4929652512296        5.2650153098526280     
   1.0148400000961646        424176258733.16736        17075317.658295285        35329078123.216713        20363978.251394864        2261.3696174389493        5.4369433128411364     
   1.0151068603343949        417947149425.19855        17311652.285788838        34809856676.067085        20512613.811287161        2327.2565143635707        5.6188581063473526     
   1.0153773961854240        411706904156.11621        17557285.217279997        34289701557.641663        20667695.586401034        2396.3079423861545        5.8114674906005401     
   1.0156516582754875        405456397473.51440        17812589.098040551        33768685425.938221        20829475.439384360        2468.6851943218367        6.0155361250017014     
   1.0159296979281252        399196529655.59705        18077951.483977690        33246883076.863403        20998212.763101574        2544.5567305250679        6.2318905201060550     
   1.0162115671737835        392928228879.06818        18353775.439457428        32724371624.903534        21174174.559689105        2624.0983255541546        6.4614244907047800     
   1.0164973187595523        386652452721.33075        18640480.123004030        32201230628.239006        21357635.499338876        2707.4932016338448        6.7051051099388053     
   1.0167870061590369        380370188462.72052        18938501.342287093        31677542113.993790        21548877.948546045        2794.9321507256595        6.9639792061929908     
   1.0170806835823643        374082452319.48236        19248292.059511531        31153390514.355770        21748191.959577445        2886.6136448600837        7.2391804465231093     
   1.0173784059863265        367790288801.52838        19570322.833043005        30628862613.130459        21955875.220439214        2982.7439292186123        7.5319370532171970     
   1.0176802290846658        361494772250.03522        19905082.186974615        30104047674.004021        22172232.972347632        3083.5370859218465        7.8435802036884432     
   1.0179862093585010        355197012527.55078        20253076.902308330        29579037914.846127        22397577.904294159        3189.2150529873311        8.1755531674482889     
   1.0182964040668960        348898165269.60291        20614832.213617131        29053929362.146622        22632230.024189182        3300.0075876899627        8.5294212355690018     
   1.0186108712575754        342599444304.02789        20990891.869633410        28528822886.150879        22876516.480568033        3416.1521794451628        8.9068824953214065     
   1.0189296697777870        336302131044.42163        21381817.980009004        28003824983.923485        23130771.274689984        3537.8939411003334        9.3097794935984304     
   1.0192528592853138        330007574708.69360        21788190.537116919        27479047797.999588        23395334.774929795        3665.4855280474467        9.7401118174792121     
   1.0195805002596392        323717179681.48303        22210606.493230361        26954608063.954838        23670552.945092883        3799.1871360797099        10.200049602058705     
   1.0199126540132624        317432382309.44812        22649678.305911578        26430625177.654469        23956776.238368757        3939.2665983751644        10.691947960586337     
   1.0202493827031742        311154626890.65936        23106031.939004764        25907219195.637192        24254358.185170624        4085.9995394432704        11.218362326943939     
   1.0205907493424882        304885355929.70148        23580304.401600599        25384510024.413578        24563653.789808672        4239.6694690562663        11.782064709242764     
   1.0209368178122313        298626029046.91833        24073140.977631371        24862618997.637478        24885017.902492609        4400.5676490189362        12.386060872860707     
   1.0212876528732999        292378176474.77039        24585192.297257122        24341673335.422771        25218803.707512200        4568.9925809217330        13.033608489088863     
   1.0216433201785766        286143478585.13330        25117111.297993816        23821812772.717522        25565361.346388023        4745.2490670717398        13.728236282094269     
   1.0220038862852185        279923847684.65210        25669549.929767732        23303196376.753403        25925036.499189340        4929.6469762777751        14.473764160894278     
   1.0223694186671104        273721479395.70679        26243155.233023934        22786006830.283592        26298168.543178078        5122.5000450263451        15.274324220396011     
   1.0227399857274921        267538843870.42322        26838564.252566710        22270449701.793926        26685087.782159030        5324.1251779509093        16.134382338854287     
   1.0231156568117585        261378603135.50360        27456397.233423788        21756746561.150040        27086111.267687976        5534.8426978280268        17.058759910935475     
   1.0234965022204374        255243465736.07104        28097248.728298523        21245122871.721283        27501536.942755532        5754.9777945828109        18.052655077593460     
   1.0238825932223441        249136014924.68658        28761676.612081077        20735793679.332203        27931636.191058759        5984.8630635982699        19.121662694538163     
   1.0242740020679186        243058562246.99014        29450189.457675274        20228951418.560329        28376645.272153027        6224.8416052312750        20.271792261698725     
   1.0246708020027457        237013077734.25302        30163233.144969944        19724760103.227280        28836756.438298590        6475.2698210365688        21.509483133784951     
   1.0250730672812622        231001230000.36688        30901177.816547960        19223358674.999058        29312109.652858451        6736.5189206318591        22.841616530392351     
   1.0254808731806517        225024539633.12024        31664306.273769185        18724873791.908276        29802785.711503796        7008.9743186787418        24.275524113978090     
   1.0258942960149322        219084616973.39227        32452804.620972469        18229439647.529182        30308801.233298361        7293.0325331856193        25.818993134256193     
   1.0263134131492366        213183430998.26303        33266755.491684068        17737220380.444324        30830105.534536067        7589.0957821226848        27.480268275665168     
   1.0267383030142903        207323546899.52283        34106133.663616039        17248429873.792030        31366578.955477245        7897.5650483486734        29.268050338234922     
   1.0271690451210875        201508278112.32996        34970803.435580954        16763344425.066381        31918031.901233725        8218.8327773541732        31.191491714856262     
   1.0276057200757727        195741720516.21402        35860516.912684172        16282305597.131609        32484203.761655249        8553.2764779218032        33.260188328218526     
   1.0280484095947213        190028665006.14890        36774912.374128744        15805712934.264492        33064761.002847150        8901.2542882994821        35.484167324773132     
   1.0284971965198346        184374411297.31662        37713512.157953396        15334008448.856907        33659294.027479254        9263.1031139327624        37.873869480888615     
   1.0289521648340405        178784524011.19632        38675719.908141710        14867656299.382954        34267312.794694975        9639.1393632471500        40.440125048878869     
   1.0294133996770094        173264578454.93195        39660817.479893140        14407121610.364899        34888241.572619066        10029.661752346705        43.194121728463045     
   1.0298809873610879        167819938426.54178        40667962.180255994        13952851961.335228        35521413.482014194        10434.955244045881        46.147363623467136     
   1.0303550153874501        162455595107.82001        41696185.255102657        13505263965.998652        36166065.629845224        10855.295007622242        49.311620423961145     
   1.0308355724624716        157176079275.92627        42744392.582458884        13064735960.073782        36821335.612541124        11290.949345260682        52.698866587254010     
   1.0313227485143290        151985443186.47714        43811368.406764284        12631606493.364073        37486260.017768040        11742.180785699011        56.321210901435229     
   1.0318166347098308        146887296794.00525        44895782.692601450        12206177347.850887        38159775.317149200        12209.244913617189        60.190817417226221     
   1.0323173234714742        141884876970.38202        45996202.352727823        11788719303.420931        38840721.277363092        12692.386892588882        64.319819254261517     
   1.0328249084947438        136981127878.69666        47111106.276305877        11379478831.131037        39527846.772081561        13191.835970151666        68.720227176086155     
   1.0333394847656427        132178774330.02881        48238903.800677024        10978684199.923042        40219817.687866665        13707.798474970990        73.403835060900676     
   1.0338611485784690        127480375930.33815        49377956.063180715        10586549981.076521        40915226.498093672        14240.449911008378        78.382124476179285     
   1.0343899975538347        122888356316.62105        50526599.547482334        10203279475.745363        41612603.029497817        14789.926734789480        83.666170517563941     
   1.0349261306569340        118405007429.95242        51683171.095104031        9829065061.6621037        42310425.954054400        15356.318301434056        89.266550928284843     
   1.0354696482160641        114032472807.04770        52846033.668132447        9464086791.1202488        43007134.584380232        15939.659321806481        95.193260307453031     
   1.0360206519413981        109772716093.87469        54013602.203880310        9108509757.5225220        43701140.617745697        16539.923023687039        101.45563097379794     
   1.0365792449440197        105627481595.48328        55184368.976590671        8762480798.5815105        44390839.545407765        17157.015080520712        108.06226179459154     
   1.0371455317552176        101598253107.07773        56356927.960933022        8426125056.7564049        45074621.510903731        17790.768276966490        115.02095602903429     
   1.0377196183460480        97686216009.552490        57529997.768759802        8099542812.3001709        45750881.458477326        18440.937825251141        122.33866897620257     
   1.0383016121471649        93892226086.839218        58702442.800165683        7782806877.1629381        46418028.459888071        19107.197226253698        130.02146596161666     
   1.0388916220689235        90216787046.270279        59873292.312550180        7475960714.8442249        47074494.144808792        19789.134575519987        138.07449094022422     
   1.0394897585217611        86660037482.697372        61041757.168521442        7179017347.9741526        47718740.191021673        20486.249237817152        146.50194574250048     
   1.0400961334368586        83221747099.096405        62207244.077371687        6891959038.0308380        48349264.856820919        21197.948844981602        155.30707974409273     
   1.0407108602870869        79901321378.687775        63369367.196534619        6614737670.0606289        48964608.561074920        21923.546603843337        164.49218950376576     
   1.0413340541082410        76697813552.708405        64527957.010041863        6347275746.0913067        49563358.538804024        22662.258929944073        174.05862769890737     
   1.0419658315205671        73609942559.651642        65683066.450330928        6089467878.4590788        50144152.620173275        23413.203445746047        184.00682049404818     
   1.0426063107505863        70636115682.201538        66834974.276067406        5841182673.5409536        50705682.199888423        24175.397399183672        194.33629231916652     
   1.0432556116532183        67774454625.048508        67984185.761739179        5602264902.7171898        51246694.480045758        24947.756569729579        205.04569690888195     
   1.0439138557342111        65022823919.579102        69131430.792400345        5372537867.6559315        51765994.082956716        25729.094736064610        216.13285336890144     
   1.0445811661728777        62378860683.675591        70277659.489239454        5151805878.8499317        52262444.140433922        26518.123783058167        227.59478598990862     
   1.0452576678451475        59840004908.596428        71424035.516418517        4939856778.2800388        52734966.971027516        27313.454526559704        239.42776651836425     
   1.0459434873469351        57403529582.959175        72571927.238408059        4736464448.6340218        53182544.458791211        28113.598334025122        251.62735761940212     
   1.0466387530178298        55066570091.367355        73722896.909817860        4541391262.0952024        53604218.244581066        28916.969616776707        264.18845631691215     
   1.0473435949651124        52826152438.908600        74878688.085406452        4354390431.2258358        53999089.834146857        29721.889266000620        277.10533627127251     
   1.0480581450881041        50679219956.592743        76041211.441171408        4175208233.1097498        54366320.718292788        30526.589099565397        290.37168784327503     
   1.0487825371028470        48622658232.825974        77212529.195298851        4003586085.4634714        54705132.587856188        31329.217379608788        303.98065499387116     
   1.0495169065671273        46653318095.936935        78394838.314356744        3839262460.0534091        55014807.711421020        32127.845451223122        317.92486817004510     
   1.0502613909058442        44768036542.001602        79590452.685279831        3681974624.6038022        55294689.528434858        32920.475540842628        332.19647243374993     
   1.0510161294367255        42963655560.903038        80801784.428109512        3531460209.2211127        55544183.492179729        33705.049737294677        346.78715018482035     
   1.0517812633963977        41237038863.584267        82031324.520266935        3387458597.5947013        55762758.180456504        34479.460160629234        361.68813792297163     
   1.0525569359668177        39585086553.661995        83281622.898894519        3249712146.5892625        55949946.673804089        35241.560302179772        376.89023657550644     
   1.0533432923020662        38004747819.038765        84555268.205479175        3117967240.5460963        56105348.183737643        35989.177494614916        392.38381498707264     
   1.0541404795555112        36493031744.065620        85854867.336173370        2991975188.7326565        56228629.897967882        36720.126443904504        408.15880623268743     
   1.0549486469073441        35047016360.475296        87183024.960863665        2871492975.8571329        56319528.994276099        37432.223725679760        424.20469646780191     
   1.0557679455924978        33663856067.713669        88542323.175889403        2756283876.5913582        56377854.761703260        38123.303117936812        440.51050607189427     
   1.0565985289289470        32340787559.849426        89935301.456219018        2646117945.6430798        56403490.756956495        38791.231611456125        457.06476288745989     
   1.0574405523463990        31075134399.108009        91364437.074957967        2540772395.1192675        56396396.914746903        39433.925908990175        473.85546738736610     
   1.0582941734153797        29864310375.145561        92832126.158764914        2440031870.8949389        56356611.525513388        40049.369196886495        490.87004964726447     
   1.0591595518767210        28705821785.516315        94340665.547327340        2343688639.3703952        56284252.990301758        40635.627948085443        508.09531803665692     
   1.0600368496714525        27597268767.053757        95892235.622643456        2251542695.5275626        56179521.262501933        41190.868495789793        525.51739959031102     
   1.0609262309711076        26536345800.615440        97488884.268976375        2163401802.5997081        56042698.889368497        41713.373103626029        543.12167208221626     
   1.0618278622084438        25520841503.333267        99132512.116449997        2079081472.9535427        55874151.571803100        42201.555251217927        560.89268789296420     
   1.0627419121085884        24548637813.609985        100824859.21031660        1998404899.0412812        55674328.170003183        42653.973855580443        578.81408985242058     
   1.0636685517206128        23617708664.857010        102567493.23308347        1921202842.4941764        55443760.093841106        43069.346158305023        596.86851934840297     
   1.0646079544495417        22726118234.822292        104361799.38898160        1847313488.6510010        55183060.030710816        43446.559026917377        615.03751712557164     
   1.0655602960888018        21872018848.374844        106208972.03903830        1776582273.0508294        54892919.979241349        43784.678445571073        633.30141735886730     
   1.0665257548531200        21053648602.910027        108110008.15074272        1708861685.6700697        54574108.573945694        44082.957004623910        651.63923577386174     
   1.0675045114118724        20269328777.514656        110065702.60029016        1644011058.0064149        54227467.704120532        44340.839240355519        670.02855281042093     
   1.0684967489228936        19517461079.373493        112076645.33721618        1581896337.4371488        53853908.447551116        44557.964722472949        688.44539307428852     
   1.0695026530667522        18796524773.823788        114143220.39196245        1522389852.6881998        53454406.357293263        44734.168837962818        706.86410261529466     
   1.0705224120814971        18105073738.253189        116265606.67866153        1465370073.7000463        53029996.155960605        44869.481272247169        725.25722588688802     
   1.0715562167978832        17441733474.054943        118443780.51643227        1410721368.6657867        52581765.906192973        44964.122240956756        743.59538459730868     
   1.0726042606750823        16805198105.743122        120677519.76613930        1358333760.5819011        52110850.738693282        45018.496576371515        761.84716104884012     
   1.0736667398368860        16194227391.747553        122966409.45560673        1308102685.2468407        51618426.228709087        45033.185818947131        779.97898896437266     
   1.0747438531084068        15607643767.137705        125309848.74415842        1259928752.2884471        51105701.518724680        45008.938505523191        797.95505523230906     
   1.0758358020532843        15044329435.112741        127707059.06074706        1213717510.5088210        50573912.289453879        44946.658880285213        815.73721643353588     
   1.0769427910114060        14503223520.791252        130157093.23550050        1169379218.5487666        50024313.681434713        44847.394280440378        833.28493443891864     
   1.0780650271371435        13983319298.105259        132658845.43512723        1126828621.6665394        49458173.268310376        44712.321467137495        850.55523578451039     
   1.0792027204381209        13483661498.306087        135211061.70801252        1085984735.2184932        48876764.177624978        44542.732180871753        867.50269988552645     
   1.0803560838145119        13003343706.424164        137812350.94323546        1046770635.2672657        48281358.448029220        44340.018201557781        884.07948145608543     
   1.0815253330988812        12541505850.377882        140461196.05167177        1009113256.6159230        47673220.703063063        44105.656186474116        900.23537270485963     
   1.0827106870965750        12097331785.880943        143155965.18393555        972943198.43890369        47053602.210461445        43841.192544454068        915.91791094400139     
   1.0839123676266653        11670046979.023413        145894922.81022629        938194537.60076606        46423735.384772055        43548.228584819612        931.07253716817490     
   1.0851305995634604        11258916287.429701        148676240.50115472        904804649.67376781        45784828.778409563        43228.406153961827        945.64281085700441     
   1.0863656108785855        10863241839.896669        151498007.26335493        872714037.60409176        45138062.593742147        42883.393943793184        959.57068572857418     
   1.0876176326836446        10482361013.783424        154358239.30224672        841866167.93365252        44484584.736575052        42514.874625268778        972.79685035796513     
   1.0888868992734695        10115644508.762463        157254889.10268968        812207314.44527721        43825507.419565775        42124.532928147986        985.26113646347233     
   1.0901736481699629        9762494515.0792694        160185853.73838848        783686409.06933308        43161904.313074484        41714.044756131720        996.90299621877568     
   1.0914781201665478        9422342974.0894070        163148982.34137145        756254899.87523246        42494808.231468983        41285.067396088227        1007.6620481794620     
   1.0928005593732268        9094649928.4971581        166142082.68264127        729866615.94664311        41825209.333912775        40839.230850943262        1017.4786893094185     
   1.0941412132622639        8778901959.5178146        169162926.83546957        704477638.93777061        41154053.811964035        40378.130300125602        1026.2947682079080     
   1.0955003327144952        8474610707.9779930        172209255.91146222        680046181.09211457        40482243.030111991        39903.319668059754        1034.0543120069192     
   1.0968781720662761        8181311476.2816515        175278783.87829351        656532469.50685084        39810633.081332177        39416.306261829835        1040.7042966315291     
   1.0982749891570767        7898561908.0183725        178369200.48408026        633898636.41984880        39140034.716637656        38918.546423023996        1046.1954473007263     
   1.0996910453777313        7625940742.0115614        181478173.32975858        612108615.29480052        38471213.605734803        38411.442125951027        1050.4830534108962     
   1.1011266057193547        7363046637.5321798        184603349.14420962        591128042.48308825        37804890.885568634        37896.338445514346        1053.5277794809294     
   1.1025819388229297        7109497067.4270735        187742354.32941294        570924164.23840594        37141743.953744896        37374.521811704428        1055.2964517791158     
   1.1040573170295787        6864927275.9520550        190892794.85385758        551465748.86432588        36482407.465264142        36847.218964569074        1055.7627987934416     
   1.1055530164315286        6628989298.0892725        194052255.58034748        532723003.77532309        35827474.493024744        36315.596522890286        1054.9081230102454     
   1.1070693169237762        6401351037.2596283        197218299.12276587        514667497.25608569        35177497.815187931        35780.761081176723        1052.7218816431855     
   1.1086065022564662        6181695398.3432007        200388464.33046669        497272084.70667875        34532991.295680754        35243.759753071230        1049.2021551397718     
   1.1101648600879894        5969719473.0372887        203560264.50314498        480510839.16223025        33894431.327299431        34705.581083719939        1044.3559844861854     
   1.1117446820388148        5765133774.6512098        206731185.44061393        464358985.88336909        33262258.310765527        34167.156259799573        1038.1995615489675     
   1.1133462637460600        5567661519.5365820        209898683.43205768        448792840.81447572        32636878.146526691        33629.360552215054        1030.7582608121288     
   1.1149699049188146        5377037952.4379454        213060183.28767380        433789752.71223080        32018663.719849560        33093.014933654718        1022.0665057507080     
   1.1166159093942274        5193009713.1677151        216213076.51288256        419328048.75251096        31407956.363324612        32558.887820424196        1012.1674684899936     
   1.1182845851943624        5015334242.1007967        219354719.72056335        405386983.42592072        30805067.284093756        32027.696895025849        1001.1126070668510     
   1.1199762445838410        4843779222.0859518        222482433.37083814        391946690.54176283        30210278.946567357        31500.110973320272        988.96105024200824     
   1.1216912041282776        4678122054.4927130        225593500.92111963        378988138.16085595        29623846.403829049        30976.751886260186        975.77884507546185     
   1.1234297847535180        4518149367.2152300        228685168.46101108        366493086.28732497        29045998.573754884        30458.196352657593        961.63808711444346     
   1.1251923118056968        4363656552.5562649        231754644.89729923        354444047.15361452        28476939.457915623        29944.977824864702        946.61595677955256     
   1.1269791151121193        4214447333.0300283        234799102.74466413        342824247.93999028        27916849.303203557        29437.588294190049        930.79368818993510     
   1.1287905290429843        4070333353.2304783        237815679.56726563        331617595.77610779        27365885.707592424        28936.480047093730        914.25549812735164     
   1.1306268925739544        3931133796.0101814        240801480.10515997        320808644.87895989        26824184.672616299        28442.067366831088        897.08750307059745     
   1.1324885493495911        3796675021.3222413        243753579.10834876        310382565.68825364        26291861.605980430        27954.728178113670        879.37665127825403     
   1.1343758477476609        3666790226.1808381        246669024.88991475        300325115.86745727        25769012.278303660        27474.805634701559        861.20969488141998     
   1.1362891409443290        3541319124.2893162        249544843.59807897        290622613.04568350        25255713.738312017        27002.609651611292        842.67222404799759     
   1.1382287869802505        3420107643.9868941        252378044.19606662        281261909.18187022        24752025.190828934        26538.418384772500        823.84778170660843     
   1.1401951488275708        3303007643.2481170        255165624.12739643        272230366.44034618        24257988.841908485        26082.479661878107        804.81707332172982     
   1.1421885944578503        3189876640.5647750        257904575.63410738        263515834.47313586        23773630.715172172        25635.012368506868        785.65728201723448     
   1.1442094969109240        3080577560.6227059        260591892.68553901        255106629.01108959        23298961.443086199        25196.207793721875        766.44149518767722     
   1.1462582343647101        2974978493.7661514        263224578.46631235        246991511.67252538        22833977.036521070        24766.230939219389        747.23824480458893     
   1.1483351902059789        2872952468.3162146        265799653.36373979        239159670.90323260        22378659.635382310        24345.221795676665        728.11116007401608     
   1.1504407531020973        2774377234.8846669        268314163.38791069        231600703.96915936        21932978.242754206        23933.296589628080        709.11872804642644     
   1.1525753170737620        2679135061.8972449        270765188.95182741        224304599.92744073        21496889.444371261        23530.549003473243        690.31415528181026     
   1.1547392815687336        2587112541.5897202        273149853.93306625        217261723.50730097        21070338.114847340        23137.051370763824        671.74532177198262     
   1.1569330515365852        2498200405.8153949        275465334.93552268        210462799.83726162        20653258.111583959        22752.855848192881        653.45481699114157     
   1.1591570375044846        2412293351.0489087        277708870.66679478        203898899.96044466        20245572.956963655        22377.995565256213        635.48004716481864     
   1.1614116556540144        2329289872.0207758        279877771.34487724        197561427.08275568        19847196.508922417        22012.485751837248        617.85340254876189     
   1.1636973278990568        2249092103.4692883        281969428.04836053        191442103.50472766        19458033.619858529        21656.324843671591        600.60247362238158     
   1.1660144819647438        2171605669.5352359        283981321.92475575        185532958.19077170        19077980.783495858        21309.495565149784        583.75030555194326     
   1.1683635514675024        2096739540.3639491        285911033.17358398        179826314.93224314        18706926.769005705        20971.965988448050        567.31568098275000     
   1.1707449759961970        2024405895.5141134        287756249.72428083        174314781.06674317        18344753.241825975        20643.690568064503        551.31342210985099     
   1.1731592011943899        1954519993.8085384        289514775.53296888        168991236.71584031        17991335.370130371        20324.611149190023        535.75470397329593     
   1.1756066788437389        1887000049.2832401        291184538.42691559        163848824.50900546        17646542.416156970        20014.657948638825        520.64737198578007     
   1.1780878669485380        1821767112.9227045        292763597.43159795        158880939.76277530        17310238.311403882        19713.750506791752        505.99625776034219     
   1.1806032298214260        1758744959.8908167        294250149.52170604        154081221.08670723        16982282.214721691        19421.798609038691        491.80348833833676     
   1.1831532381702754        1697859981.9826522        295642535.74409187        149443541.39044842        16662529.052441556        19138.703175376977        478.06878489180377     
   1.1857383691862775        1639041085.0480382        296939246.66880059        144961999.26764923        16350830.039638359        18864.357116782368        464.78974786341831     
   1.1883591066332393        1582219591.1444998        298138927.13128448        140630910.73489547        16047033.181803819        18598.646157264720        451.96212631072808     
   1.1910159409381129        1527329145.1992443        299240380.23758829        136444801.30505201        15750983.756210944        18341.449620549636        439.58006992091049     
   1.1937093692827714        1474305625.9662631        300242570.61176699        132398398.37637663        15462524.772424020        18092.641180626561        427.63636276791021     
   1.1964398956970463        1423087061.0776079        301144626.87290430        128486623.92006774        15181497.411497265        17852.089575565344        416.12263839125660     
   1.1992080311530495        1373613545.9998636        301945843.33722961        124704587.45011263        14907741.443498489        17619.659284173733        405.02957619237810     
   1.2020142936607929        1325827166.7090352        302645680.94751132        121047579.26087445        14641095.623181490        17395.211165389985        394.34707948254857     
   1.2048592083651242        1279671925.9121830        303243767.43990278        117511063.91832909        14381398.063640106        17178.603060342779        384.06443577440666     
   1.2077433076440012        1235093672.6453815        303739896.76455700        114090673.99283402        14128486.588033406        16969.690357412666        374.17046010842296     
   1.2106671312081150        1192040035.0884590        304134027.78291315        110782204.02126810        13882199.059439283        16768.326520616527        364.65362234329126     
   1.2136312262018893        1150460356.4370797        304426282.26943558        107581604.68791540        13642373.689107353        16574.363581976391        355.50215943500984     
   1.2166361473058691        1110305633.6858706        304616942.25162023        104484977.21381967        13408849.323389495        16387.652598544650        346.70417377962582     
   1.2196824568405187        1071528459.1744543        304706446.72551805        101488567.94567449        13181465.709827179        16208.044075078236        338.24771871930483     
   1.2227707248714521        1034082964.7589879        304695387.78828025        98588763.134867042        12960063.742780110        16035.388353225831        330.12087230405143     
   1.2259015293161100        997924768.47263157        304584506.23195887        95782083.899310321        12744485.689260243        15869.535968493088        322.31180038047978     
   1.2290754560519079        963010923.54579055        304374686.64524597        93065181.359964371        12534575.395509165        15710.337976084069        314.80881003759828     
   1.2322930990258731        929299869.66156423        304066952.07173121        90434831.945373148        12330178.475036671        15557.646246957342        307.60039439118600     
   1.2355550603657925        896751386.32583416        303662458.27403450        87887932.857312337        12131142.478788067        15411.313735374604        300.67526963051120     
   1.2388619504928891        865326548.23736191        303162487.65412408        85421497.691825584        11937317.048244908        15271.194719390998        294.02240519002208     
   1.2422143882360537        834987682.54737735        302568442.87955314        83032652.209241539        11748554.052139780        15137.145015564907        287.63104784389884     
   1.2456130009476472        805698327.90384138        301881840.26548129        80718630.248397157        11564707.707666788        15009.022169422302        281.49074045779611     
   1.2490584246209002        777423195.17923856        301104302.96069390        78476769.779590651        11385634.686938658        14886.685623024816        275.59133606827515     
   1.2525513040089273        750128129.78780627        300237553.98494768        76304509.091282964        11211194.209461175        14769.996860987801        269.92300789817324     
   1.2560922927453821        723780075.50006294        299283409.16291344        74199383.106500074        11041248.121516842        14658.819536465860        264.47625585903643     
   1.2596820534667748        698347039.67029727        298243769.99806088        72159019.824089780        10875660.963165037        14553.019578327467        259.24191003424625     
   1.2633212579364717        673798059.79569507        297120616.52757418        70181136.880989388        10714300.023687419        14452.465280904182        254.21113158550082     
   1.2670105871704054        650103171.33009076        295916000.19648957        68263538.231579870        10557035.386251299        14357.027377605809        249.37541147735371     
   1.2707507315645159        627233376.68233120        294632036.78725028        66404110.940234222        10403739.962508257        14266.579099579447        244.72656736837948     
   1.2745423910239460        605160615.33028769        293270899.43723536        64600822.083693966        10254289.517901236        14180.996220677673        240.25673897891900     
   1.2783862750940163        583857734.98932827        291834811.77479583        62851715.759682722        10108562.688350679        14100.157089812643        235.95838220607632     
   1.2822831030930062        563298463.77587855        290326041.20079100        61154910.198507413        9966440.9890094064        14023.942651800999        231.82426222447501     
   1.2862336042467606        543457383.31097806        288746892.33986366        59508594.974600032        9827808.8157657273        13952.236457778406        227.84744578070919     
   1.2902385178251530        524309902.71512526        287099700.68340743        57911028.314685307        9692553.4400592074        13884.924666054903        224.02129286067029     
   1.2942985932804274        505832233.44501084        285386826.44222713        56360534.499833688        9560564.9976575300        13821.896034433972        220.33944788710727     
   1.2984145903874462        488001364.93018633        283610648.62534082        54855501.358565599        9431736.4719541166        13763.041904846086        216.79583058093345     
   1.3025872793858679        470795040.96939844        281773559.35809273        53394377.847975552        9305963.6722741630        13708.256181036249        213.38462660097966     
   1.3068174411242861        454191736.84884542        279877958.45035237        51975671.720519774        9183145.2077597119        13657.435300177405        210.10027806073194     
   1.3111058672063507        438170637.14899367        277926248.22337651        50597947.273547120        9063182.4572460521        13610.478199013536        206.93747400412360     
   1.3154533601389047        422711614.20779347        275920828.60147452        49259823.179320417        8945979.5356355663        13567.286275296796        203.89114091060870     
   1.3198607334821584        407795207.21248698        273864092.47291350        47959970.392761633        8831443.2571218144        13527.763345016516        200.95643328655751     
   1.3243288120019348        393402601.89196777        271758421.32190639        46697110.134790353        8719483.0957190711        13491.815596109540        198.12872439188473     
   1.3288584318240098        379515610.78677171        269606181.13261849        45470011.948640488        8610011.1433964707        13459.351539056543        195.40359713978341     
   1.3334504405905796        366116654.07345831        267409718.56391880        44277491.827108175        8502942.0662073810        13430.281954943321        192.77683520163433     
   1.3381056976188823        353188740.92302692        265171357.39232430        43118410.408299252        8398193.0586849079        13404.519841359910        190.24441434140672     
   1.3428250740620049        340715451.37458795        262893395.21944466        41991671.237795763        8295683.7968090568        13381.980356569951        187.80249399857695     
   1.3476094530719045        328680918.70646256        260578100.43877175        40896219.095103428        8195336.3898116127        13362.580762327185        185.44740913392241     
   1.3524597299646761        317069812.28922963        258227709.45611802        39831038.382266194        8097075.3310481021        13346.240365644202        183.17566234767725     
   1.3573768123880956        305867320.90537232        255844424.15662667        38795151.572633788        8000827.4481658321        13332.880459836348        180.98391627678598     
   1.3623616204914710        295059136.52179855        253430409.61084747        37787617.717844121        7906521.8527781302        13322.424265130216        178.86898627464970     
   1.3674150870978323        284631438.50299317        250987792.01190609        36807531.011024691        7814089.8898095191        13314.796869042280        176.82783337382054     
   1.3725381578784939        274570878.25225139        248518656.83479667        35854019.404367439        7723465.0866911784        13309.925166782514        174.85755753086073     
   1.3777317915300213        264864564.26994723        246025047.20873675        34926243.279239453        7634583.1025561774        13307.737801880252        172.95539115036604     
   1.3829969599536356        255500047.61905566        243508962.49360603        34023394.167045578        7547381.6775625106        13308.165107185769        171.11869288324962     
   1.3883346484370866        246465307.78697008        240972357.05023909        33144693.519103698        7461800.5824773172        13311.139046446366        169.34494169461541     
   1.3937458558390354        237748738.93532228        238417139.19539502        32289391.523749311        7377781.5685966071        13316.593156514749        167.63173119382492     
   1.3992315947759717        229339136.52818167        235845170.33137229        31456765.969247520        7295268.3181593772        13324.462490446571        165.97676422050392     
   1.4047928918117094        221225684.33048397        233258264.24043661        30646121.150593307        7214206.3952600835        13334.683561433538        164.37784767810038     
   1.4104307876494901        213397941.76855800        230658186.53457874        29856786.818895373        7134543.1973945154        13347.194287781773        162.83288760727086     
   1.4161463373267336        205845831.64476970        228046654.25086567        29088117.171721037        7056227.9076789189        13361.933938972445        161.33988449064583     
   1.4219406104124697        198559628.19855273        225425335.58282417        28339489.882911146        6979211.4477940835        13378.843082867041        159.89692878063212     
   1.4278146912074912        191529945.50694740        222795849.73903656        27610305.170483332        6903446.4317065086        13397.863534114183        158.50219664126550     
   1.4337696789472614        184747726.21683672        220159766.91952869        26899984.901215129        6828887.1202090522        13418.938303825153        157.15394589601738     
   1.4398066880076188        178204230.60217774        217518608.40141702        26207971.730539441        6755489.3763028262        13442.011550526486        155.85051217277197     
   1.4459268481133121        171891025.93932578        214873846.72543445        25533728.276486322        6683210.6214564424        13467.028532440272        154.59030523756721     
   1.4521313045494109        165799976.19345561        212226905.97501215        24876736.326376677        6612009.7927583111        13493.935561110628        153.37180550901911     
   1.4584212183756255        159923232.00968200        209579162.14033917        24236496.075063612        6541847.3009781362        13522.679956387257        152.19356074511182     
   1.4647977666435805        154253221.00189662        206931943.55958778        23612525.393509120        6472684.9895464135        13553.210002782658        151.05418289485019     
   1.4712621426170787        148782638.33313444        204286531.43045098        23004359.126573361        6404486.0944597935        13585.474907202974        149.95234510681308     
   1.4778155559954025        143504437.58088455        201644160.38507774        22411548.418906547        6337215.2051167507        13619.424758060646        148.88677888738258     
   1.4844592331396871        138411821.88079110        199006019.12178499        21833660.067845471        6270838.2260778528        13655.010485760269        147.85627140161901     
   1.4911944173024141        133498235.34264331        196373251.08764786        21270275.902319830        6205322.3397550303        13692.183824561731        146.85966290979104     
   1.4980223688600651        128757354.73220226        193746955.20602053        20720992.186730597        6140635.9700152893        13730.897275798892        145.89584433300686     
   1.5049443655489798        124183081.41275573        191128186.64362946        20185419.048836485        6076748.7466881545        13771.104072430993        144.96375494153580     
   1.5119617027044638        119769533.53999050        188517957.61198428        19663179.930770740        6013631.4709875053        13812.758144973428        144.06238016006350     
   1.5190756935031877        115511038.50430532        185917238.19839501        19153911.062191401        5951256.0817999812        13855.814088697234        143.19074948368586     
   1.5262876692089260        111402125.61435412        183326957.22213617        18657260.954804517        5889595.6228620820        13900.227132172522        142.34793449934512     
   1.5335989794216820        107437519.01583533        180748003.11146072        18172889.917327233        5828624.2107784376        13945.953107055475        141.53304700729038     
   1.5410109923302409        103612130.83946374        178181224.79759398        17700469.590174727        5768317.0038967580        13992.948419184999        140.74523723772938     
   1.5485250949682057        99921054.572390109        175627432.62215206        17239682.499017958        5708650.1719923606        14041.170020884150        139.98369215756705     
   1.5561426934735549        96359558.647089407        173087399.25456277        16790221.626508903        5649600.8667621790        14090.575384498108        139.24763386287654     
   1.5638652133517790        92923080.242013246        170561860.61648184        16351790.001457633        5591147.1931092460        14141.122477142753        138.53631805267844     
   1.5716940997426392        89607219.288239986        168051516.81024283        15924100.304731797        5533268.1811872991        14192.769736616294        137.84903257991942     
   1.5796308176906015        86407732.676625103        165557033.04892525        15506874.491236759        5475943.7591903564        14245.476048453891        137.18509607557718     
   1.5876768524189950        83320528.659669757        163079040.58544350        15099843.427354608        5419154.7268814128        14299.200724156019        136.54385664247783     
   1.5958337096079460        80341661.442893878        160618137.63871568        14702746.543183034        5362882.7298171669        14353.903480488247        135.92469061489555     
   1.6041029156761411        77467325.960087344        158174890.31472769        14315331.499004757        5307110.2342636613        14409.544419885115        135.32700138090647     
   1.6124860180664711        74693852.827328637        155749833.52094433        13937353.865417404        5251820.5027774852        14466.084011908502        134.75021826403753     
   1.6209845855356086        72017703.470378920        153343471.87228808        13568576.816585086        5196997.5704411026        14523.483075774880        134.19379546144700     
   1.6296002084475745        69435465.420444965        150956280.58734637        13208770.836045073        5142626.2217128268        14581.702763862557        133.65721103553560     
   1.6383344990713475        66943847.773235075        148588706.37357342        12857713.434617797        5088691.9678945579        14640.704546246861        133.13996595640793     
   1.6471890918825740        64539676.806291915        146241168.30022138        12515188.879900021        5035181.0251868181        14700.450196215797        132.64158319268921     
   1.6561656438694314        62219891.749893650        143914058.65820128        12180987.936877042        4982080.2933082404        14760.901776721335        132.16160684802159     
   1.6652658348427072        59981540.706675552        141607743.80591106        11854907.619219858        4929377.3346703369        14822.021627783473        131.69960134111838     
   1.6744913677501461        57821776.715339907        139322565.00028652        11536750.950818485        4877060.3540806491        14883.772354798437        131.25515062714854     
   1.6838439689951288        55737853.953913979        137058839.21248719        11226326.737153254        4825118.1789625743        14946.116817749531        130.82785745837958     
   1.6933253887597390        53727124.078107961        134816859.92769033        10923449.346105417        4773540.2400739444        15009.018121301518        130.41734268211206     
   1.7029374013322800        51787032.690408036        132596897.92850763        10627938.497809617        4722316.5527003706        15072.439605736907        130.02324457406425     
   1.7126818054393045        49915115.935714610        130399202.06179984        10339619.063203411        4671437.6983142756        15136.344838735364        129.64521820534952     
   1.7225604245822148        48108997.219290219        128223999.98846313        10058320.870912163        4620894.8066821843        15200.697607983071        129.28293484158525     
   1.7325751073784998        46366384.043042429        126071498.91609746        9783878.5221320223        4570679.5384022882        15265.461914580361        128.93608137239275     
   1.7427277279076745        44685064.956228137        123941886.31447171        9516131.2131917384        4520784.0678578643        15330.601967227989        128.60435976975032     
   1.7530201860619816        43062906.616647296        121835330.61355548        9254922.5654696841        4471201.0665694708        15396.082177177535        128.28748657396832     
   1.7634544079019236        41497850.958672777        119751981.88427742        9000100.4623972308        4421923.6869432218        15461.867153962006        127.98519240579726     
   1.7740323460166940        39987912.464461632        117691972.50195283        8751516.8932225946        4372945.5463819327        15527.921701819070        127.69722150339175     
   1.7847559798895711        38531175.534789599        115655417.79248141        8509027.8032939546        4324260.7117643608        15594.210816862498        127.42333128299649     
   1.7956273162683440        37125791.956088990        113642416.66143766        8272492.9505826253        4275863.6842709975        15660.699684949954        127.16329192217168     
   1.8066483895408429        35769978.460376255        111653052.20625305        8041775.7681897935        4227749.3845411483        15727.353680214661        126.91688596433333     
   1.8178212621156411        34462014.374740154        109687392.31155184        7816743.2326128203        4179913.1381644662        15794.138364317490        126.68390794390891     
   1.8291480248079979        33200239.357367299        107745490.22803527        7597265.7375093531        4132350.6614734889        15861.019486294663        126.46416403066317     
   1.8406307972311216        31983051.216944255        105827385.13501203        7383216.9727626918        4085058.0476473779        15927.962983087058        126.25747169259846     
   1.8522717281928185        30808903.812519178        103933102.68688338        7174473.8086171849        4038031.7531052944        15994.934980682336        126.06365937641252     
   1.8640729960976063        29676305.030962102        102062655.54389581        6970916.1846817862        3991268.5841815630        16061.901795859951        125.88256620456877     
   1.8760368093543662        28583814.839213178        100216043.88740294        6772427.0036043758        3944765.6840752619        16128.829938535850        125.71404168830207     
   1.8881654067896094        27530043.408634111        98393255.919970527        6578892.0292289359        3898520.5200667772        16195.686114697317        125.55794545567817     
   1.9004610580664349        26513649.308858473        96594268.350630760        6390199.7890402554        3852530.8709845161        16262.437229872712        125.41414699394592     
   1.9129260641092607        25533337.768601447        94819046.865627676        6206241.4807444382        3806794.8149297917        16329.050393194897        125.28252540553223     
   1.9255627575344008        24587859.001004815        93067546.584988117        6026910.8827911895        3761310.7172352863        16395.492921962312        125.16296917681824     
   1.9383735030865770        23676006.591144744        91339712.505260974        5852104.2686897935        3716077.2186589898        16461.732346721674        125.05537595909919     
   1.9513606980814409        22796615.943357732        89635479.928637296        5681720.3249621661        3671093.2238105228        16527.736416890351        124.95965236132663     
   1.9645267728541895        21948562.786316648        87954774.879107192        5515660.0725833140        3626357.8897944340        16593.473106823581        124.87571375330556     
   1.9778741912143638        21130761.733545043        86297514.505595073        5353826.7917587096        3581870.6150714736        16658.910622387288        124.80348407953353     
   1.9914054509069090        20342164.897454005        84663607.472761363        5196125.9499116465        3537631.0285302890        16724.017407971645        124.74289568241586     
   2.0051230840795826        19581760.554810464        83052954.339573011        5042465.1327361539        3493638.9787631468        16788.762153950000        124.69388913463965     
   2.0190296577568079        18848571.861759242        81465447.926099166        4892753.9781995360        3449894.5235462072        16853.113804580415        124.65641307996719     
   2.0331277743200458        18141655.616551109        79900973.668878153        4746904.1133607682        3406397.9195111743        16917.041566283973        124.63042408169775     
   2.0474200719947881        17460101.068146467        78359409.965113476        4604829.0938992230        3363149.6120164725        16980.514916358552        124.61588647846887     
   2.0619092253442579        16803028.768972356        76840628.505989507        4466444.3462211946        3320150.2251996552        17043.503612033484        124.61277224677245     
   2.0765979457699064        16169589.470215110        75344494.599617183        4331667.1120592086        3277400.5522218449        17105.977699904346        124.62106086922529     
   2.0914889820188098        15558963.057965968        73870867.483682424        4200416.3954413291        3234901.5456939321        17167.907525719864        124.64073920849464     
   2.1065851206980488        14970357.528739791        72419600.628298745        4072612.9119335026        3192654.3082786486        17229.263744457796        124.67180138576903     
   2.1218891867961736        14403008.002807960        70990542.029205397        3948179.0400633928        3150660.0834763949        17290.017330756367        124.71424866355976     
   2.1374040442118591        13856175.773960223        69583534.491726398        3827038.7748242938        3108920.2465813193        17350.139589596460        124.76808933183243     
   2.1531325962898280        13329147.394284012        68198415.905736268        3709117.6831773692        3067436.2958147838        17409.602167277371        124.83333859690319     
   2.1690777863641673        12821233.792605095        66835019.511824667        3594342.8614574871        3026209.8436294608        17468.377062649233        124.91001847258889     
   2.1852425983091228        12331769.425355898        65493174.159106061        3482642.8946073763        2985242.6081846124        17526.436638568030        124.99815767244732     
   2.2016300570974816        11860111.458577368        64172704.554746464        3373947.8171473783        2944536.4049853268        17583.753633543394        125.09779150273324     
   2.2182432293666436        11405638.979897143        62873431.505614720        3268189.0758253247        2904093.1387010333        17640.301173645057        125.20896175500356     
   2.2350852239924923        10967752.239313511        61595172.152174696        3165299.4938455443        2863914.7951402809        17696.052784519688        125.33171659767571     
   2.2521591926711686        10545871.917710077        60337740.195003361        3065213.2366284947        2824003.4333992084        17750.982403594990        125.46611046536447     
   2.2694683305088557        10139438.421991747        59100946.113986425        2967865.7790177613        2784361.1781748151        17805.064392425462        125.61220394544809     
   2.2870158766196926        9747911.2058742363        57884597.380595073        2873193.8738716911        2744990.2122398182        17858.273549103706        125.77006366030177     
   2.3048051147319182        9370768.1152967699        56688498.663335562        2781135.5219852231        2705892.7690935638        17910.585120846576        125.93976214452982     
   2.3228393738023665        9007504.7575444560        55512452.026635468        2691629.9432605281        2667071.1257649125        17961.974816546266        126.12137771569526     
   2.3411220286394232        8657633.8931416180        54356257.123320721        2604617.5490888148        2628527.5957925068        18012.418819461829        126.31499433757087     
   2.3596565005345660        8320684.8496760167        53219711.380970374        2520039.9158743233        2590264.5223658937        18061.893799887424        126.52070147412692     
   2.3784462579026022        7996202.9566759961        52102610.182201862        2437839.7596464599        2552284.2716327896        18110.376927835765        126.73859393327129     
   2.3974948169307226        7683749.0007692240        51004747.039214745        2357960.9117114749        2514589.2261725343        18157.845885684910        126.96877169818755     
   2.4168057422364977        7382898.7003097907        49925913.762618996        2280348.2952896124        2477181.7786367922        18204.278880797512        127.21133974512070     
   2.4363826475349359        7093242.1987548284        48865900.624830216        2204947.9030941310        2440064.3255602974        18249.654658087478        127.46640784532016     
   2.4562291963147307        6814383.5760693140        47824496.518157825        2131706.7757959324        2403239.2613312569        18293.952512424294        127.73409034917329     
   2.4763491025238178        6545940.3774496140        46801489.107682653        2060572.9813397669        2366708.9723375742        18337.152300995022        128.01450595067337     
   2.4967461312643806        6287543.1587304659        45796664.979166135        1991495.5950627616        2330475.8312784131        18379.234455486712        128.30777742942860     
   2.5174240994974264        6038835.0478269998        44809809.782081969        1924424.6805734530        2294542.1916426723        18420.179994081926        128.61403136785657     
   2.5383868767570630        5799471.3215951463        43840708.367882900        1859311.2713528448        2258910.3823571787        18459.970533267184        128.93339784091791     
   2.5596383858746217        5569118.9975426802        42889144.923734501        1796107.3530448189        2223582.7026090673        18498.588299442799        129.26601007495483     
   2.5811826037127448        5347456.4397969125        41954903.101663828        1734765.8463846280        2188561.4168288908        18536.016140222418        129.61200407309681     
   2.6030235619095921        5134172.9788312260        41037766.143487528        1675240.5907491639        2153848.7498512864        18572.237535483913        129.97151820272001     
   2.6251653476332910        4928968.5443904670        40137517.001415327        1617486.3282799262        2119446.8822402279        18607.236608076822        130.34469274202354     
   2.6476121043467846        4731553.3111369787        39253938.454556383        1561458.6885565904        2085357.9457885739        18640.998134217520        130.73166938112362     
   2.6703680325832080        4541647.3565393733        38386813.221426092        1507114.1737843438        2051584.0191830930        18673.507553455787        131.13259067315900     
   2.6934373907319493        4358980.3305362947        37535924.068530358        1454410.1444698977        2018127.1238421714        18704.750978260217        131.54759943070437     
   2.7168244958355352        4183291.1365387859        36701053.915138476        1403304.8055550766        1984989.2199202827        18734.715203126732        131.97683806216168     
   2.7405337243974941        4014327.6233544992        35881985.934388489        1353757.1929847270        1952172.2024821409        18763.387713193944        132.42044784214755     
   2.7645695132013435        3851846.2876075227        35078503.650701135        1305727.1606794063        1919677.8978436231        18790.756692336665        132.87856811036573     
   2.7889363601408572        3695611.9862901038        34290391.033747971        1259175.3678950893        1887508.0600823693        18816.811030689616        133.35133539143840     
   2.8136388250617772        3545397.6590512358        33517432.588925447        1214063.2669381467        1855664.3677075047        18841.540331491549        133.83888242922893     
   2.8386815306151059        3400984.0598725267        32759413.444503732        1170353.0912251449        1824148.4205023577        18864.934917345570        134.34133712743716     
   2.8640691631221609        3262159.4977828516        32016119.435475796        1128007.8436555490        1792961.7365209775        18886.985835661446        134.85882138838545     
   2.8898064734515385        3128719.5862850873        31287337.184240546        1086991.2852889015        1762105.7492529138        18907.684863390554        135.39144984070339     
   2.9158982779081617        3000467.0011716974        30572854.178137962        1047267.9242995685        1731581.8049408421        18927.024510857733        135.93932844657363     
   2.9423494591345700        2877211.2464334345        29872458.843988314        1008803.0052004128        1701391.1600601627        18944.998024731929        136.50255297762740     
   2.9691649670246232        2758768.4279512209        29185940.619574182        971562.49830990576        1671534.9789457386        18961.599389965613        137.08120734922812     
   2.9963498196497902        2644961.0347126336        28513090.022298668        935513.08945879503        1642014.3315755341        18976.823330718460        137.67536180018652     
   3.0239091041981969        2535617.7272617542        27853698.714925073        900622.16991275689        1612830.1914960821        18990.665310094173        138.28507090630998     
   3.0518479779266108        2430573.1331431186        27207559.568614036        866857.82650764682        1583983.4338973267        19003.121528683041        138.91037141312748     
   3.0801716691255314        2329667.6490717153        26574466.723162826        834188.83197615494        1555474.8338203654        19014.188921704772        139.55127987471386     
   3.1088854780975779        2232747.2496049926        25954215.644627877        802584.63546371763        1527305.0645053415        19023.865154745796        140.20779008247271     
   3.1379947781493525        2139663.3020751528        25346603.180281360        772015.35321752983        1499474.6958656472        19032.148617890263        140.87987026879799     
   3.1675050165969627        2050272.3875617548        24751427.610955566        742451.75944043533        1471984.1930840220        19039.038418122313        141.56746006881085     
   3.1974217157853975        1964436.1276971069        24168488.700847160        713865.27730401431        1444833.9153272253        19044.534369865331        142.27046722289683     
   3.2277504741219394        1882021.0170600719        23597587.744488720        686227.97009821585        1418024.1145544434        19048.636983400072        142.98876400446596     
   3.2584969671238122        1802898.2609949703        23038527.611116055        659512.53252233227        1391554.9344220520        19051.347450972811        143.72218335509098     
   3.2896669484802601        1726943.6184525627        22491112.784678776        633692.28203524882        1365426.4091897593        19052.667630085121        144.47051472111380     
   3.3212662511292521        1654037.2498971326        21955149.400900137        608741.15033057472        1339638.4626761067        19052.600023459119        145.23349957888902     
   3.3533007883490207        1584063.5685176018        21430445.267820504        584633.67435897107        1314190.9065778360        19051.147752982706        146.01082673186227     
   3.3857765548646293        1516911.0961932347        20916809.880015057        561344.98741886357        1289083.4385950053        19048.314525423692        146.80212742132542     
   3.4186996279697874        1452472.3127050081        20414054.326191906        538850.80614048766        1264315.6352414945        19044.104570423468        147.60697100716746     
   3.4520761686641102        1390643.5167587243        19921991.233920589        517127.41989238892        1239886.9463377297        19038.522555473570        148.42486095363407     
   3.4859124228060510        1331324.6771790602        19440434.613917425        496151.67563233542        1215796.6848363713        19031.573532064005        149.25522933216175     
   3.5202147222817048        1274419.8498827568        18969205.225357872        475901.17853745207        1192044.3065131488        19023.264471716466        150.09736886489253     
   3.5549894861897147        1219840.3982725900        18508165.870227650        456355.60658054106        1168631.2924794147        19013.616739174588        150.94993793269975     
   3.5902432220425005        1167490.2634413252        18057071.188205719        437490.98377331742        1145553.1820028401        19002.615452945352        151.81291313270663     
   3.6259825269840276        1117283.9756137775        17615751.252870720        419286.72439852206        1122809.2687822895        18990.269615387180        152.68525802123119     
   3.6622140890243546        1069139.0819266066        17184037.541060574        401722.74595278065        1100398.7112800190        18976.588598523002        153.56581395033589     
   3.6989446882911765        1022975.7461745512        16761759.568948491        384779.34159960557        1078320.3479481267        18961.580784090755        154.45334228337407     
   3.7361811982986195        978716.88188109931        16348747.163003044        368437.26298170391        1056572.8141556669        18945.254160517732        155.34648925545073     
   3.7739305872334969        936288.15525570919        15944831.480305569        352677.75281530776        1035154.5946316579        18927.616556022105        156.24376381024487     
   3.8121999192592906        895617.92791870981        15549845.409126805        337482.55330451869        1014064.0436254117        18908.675675395716        157.14352226095090     
   3.8509963558380922        856637.17929540027        15163623.736495329        322833.90564689896        993299.39293884882        18888.439056807547        158.04395537744080     
   3.8903271570707467        819279.42323320371        14786003.227123996        308714.54626146960        972858.75540648971        18866.913993399874        158.94307623968098     
   3.9301996830554602        783480.62395237130        14416822.665406602        295107.70173578471        952740.12654176261        18844.107435656246        159.83870831254202     
   3.9706213952651184        749179.11323436559        14055922.880440272        281997.08324960322        932941.38540749170        18820.025880674122        160.72847360077984     
   4.0115998579435779        716315.50957533228        13703146.762257420        269366.88077369728        913460.29515509843        18794.675250884669        161.60978091085454     
   4.0531427395211832        684832.63957722532        13358339.272835420        257201.75715837491        894294.50343164417        18768.060763243007        162.47981433107734     
   4.0952578140497868        654675.46167747455        13021347.453760087        245486.84215801817        875441.54277997406        18740.186789775998        163.33552209067599     
   4.1379529626575344        625790.99222526851        12692020.431408124        234207.72639078245        856898.83109610912        18711.056709903569        164.17360600556083     
   4.1812361750236775        598128.23387639946        12370209.420150932        223350.45521622282        838663.67220789730        18680.672755364922        164.99051175814964     
   4.2251155508737206        571638.10626390588        12055767.723897655        212901.52249713149        820733.25662530994        18649.035848526299        165.78242029982806     
   4.2695993014951359        546273.37888968782        11748550.736147776        202847.86420137796        803104.66251815786        18616.145435246108        166.54524070716215     
   4.3146957512739768        521988.60617855389        11448415.938650139        193176.85178871395        785774.85697646916        18581.999313696353        167.27460486623627     
   4.3604133392526379        498740.06463810999        11155222.898773706        183876.28532057535        768740.69761824433        18546.593460969081        167.96586440138825     
   4.4067606207090906        476485.69206350774        10868833.265603932        174934.38622036594        751998.93461047986        18509.921859657283        168.61409030790622     
   4.4537462687578504        455185.02873345255        10589110.764863573        166339.78960763043        735546.21318346343        18471.976327184479        169.21407578449913     
   4.5013790759730092        434799.16053593345        10315921.192596940        158081.53611678860        719379.07670986489        18432.746350918016        169.76034279898442     
   4.5496679560336180        415290.66397462931        10049132.407728987        150149.06311234136        703493.97044184781        18392.218932911914        170.24715294233025     
   4.5986219453917299        396623.55299775518        9788614.3234365638        142532.19520245705        687887.24599010323        18350.378448504729        170.66852314564073     
   4.6482502049634196        378763.22760122060        9534238.8973923475        135221.13395385485        672555.16663442529        18307.206523510686        171.01824683368162     
   4.6985620218430970        361676.42415367858        9285880.1208644863        128206.44671077450        657493.91355619428        18262.681935417007        171.28992107336924     
   4.7495668110414311        345331.16739558952        9043414.0066935252        121479.05442470458        642699.59307538613        18216.780544319907        171.47698023704589     
   4.8012741172472087        329696.72406249930        8806718.5761269573        115030.21840940900        628168.24496777949        18169.475259818275        171.57273663674903     
   4.8536936166134632        314743.55808848375        8575673.8445628285        108851.52594962924        613895.85192428587        18120.736050222662        171.57042849070322     
   4.9068351185682051        300443.28734052874        8350161.8061726335        102934.87470950493        599878.35019890266        18070.530000747982        171.46327545720141     
   4.9607085676500899        286768.64183998556        8130066.4174410133        97272.455911085868        586111.64146307705        18018.821426998820        171.24454180715381     
   5.0153240453693737        273693.42342573224        7915273.5796445664        91856.736284475264        572591.60585852759        17965.572049845756        170.90760710680607     
   5.0706917720944960        261192.46681361270        7705671.1202939106        86680.438828080689        559314.11620475969        17910.741237147948        170.44604404512140     
   5.1268221089646495        249241.60200761512        7501148.7735805092        81736.522459967367        546275.05327224056        17854.286316620266        169.85370277000186     
   5.1837255598286962        237817.61801798383        7301598.1598836221        77018.160690939651        533470.32199138962        17796.162962971342        169.12480079811178     
   5.2414127732107838        226898.22784130019        7106912.7643996058        72518.719501778585        520895.86841316486        17736.325660550901        168.25401724437543     
   5.2998945443030365        216462.03465729585        6916987.9149708506        68231.734662741801        508547.69718769169        17674.728240737644        167.23658978951744     
   5.3591818169856973        206488.49919782803        6731720.7592193568        64150.888788851029        496421.88927567482        17611.324490835010        166.06841248328121     
   5.4192856858750904        196957.90824205134        6551010.2410740815        60269.988476223050        484514.61955562490        17546.068828459156        164.74613218494716     
   5.4802173983997893        187851.34419391904        6374757.0768401809        56582.941912944552        472822.17395303387        17478.917032663041        163.26724118934027     
   5.5419883569053852        179150.65569690842        6202863.7309289472        53083.737393701318        461340.96567789017        17409.827019885848        161.63016340001317     
   5.6046101207882471        170838.42924305191        6035234.3914158335        49766.423193322633        450067.55014277354        17338.759650145821        159.83433130837568     
   5.6680944086586642        162897.96173320888        5871774.9455652311        46625.089261186076        438998.63812269579        17265.679546060135        157.88025104067395     
   5.7324531005337906        155313.23394876265        5712392.9555107988        43653.851189316956        428131.10673784121        17190.555905287718        155.76955285424174     
   5.7976982400607886        148068.88489535303        5556997.6342362268        40846.836873949484        417462.00786678673        17113.363285164232        153.50502471366698     
   5.8638420367705972        141150.18698251536        5405499.8220249508        38198.176238662825        406988.57365871413        17034.082337742082        151.09062695388300     
   5.9308968683627326        134543.02200623340        5257811.9635375440        35701.994312234499        396708.21887913765        16952.700473172416        148.53148653546077     
   5.9988752830215795        128233.85790298234        5113848.0856334409        33352.407862255321        386618.53992098145        16869.212430744938        145.83387000202387     
   6.0677900017645614        122209.72624929195        4973523.7760824859        31143.525677653248        376717.31041276734        16783.620738625108        143.00513493233257     
   6.1376539208226708        116458.20048062049        4836756.1631987840        29069.452474385493        367002.47346810071        16695.936046414459        140.05366041206824     
   6.2084801140537831        110967.37481352634        4703463.8966023615        27124.296279724716        357472.13074810023        16606.177318669568        136.98875778768110     
   6.2802818353892027        105725.84383992945        4573567.1287397379        25302.179022032371        348124.52858534356        16514.371881149640        133.82056367905977     
   6.3530725213139227        100722.68281279692        4446987.4982417859        23597.249966496307        338958.04161994829        16420.555318898787        130.55991784802399     
   6.4268657933810278        95947.428517626584        4323648.1121485690        22003.701480131876        329971.15421220014        16324.771223346354        127.21822907938778     
   6.5016754607607465        91390.060961254334        4203473.5348660797        20515.786698549360        321162.44071156450        16227.070810543168        123.80733254858166     
   6.5775155228246014        87040.985222869378        4086389.7622532835        19127.838193750671        312530.54365737649        16127.512380753606        120.33934251208548     
   6.6544001717651557        82891.015163151853        3972324.2390270904        17834.287822355011        304074.15458878950        16026.160752976184        116.82650400295826     
   6.7323437952518450        78931.354461820694        3861205.7611569660        16629.685077761529        295791.98688243411        15923.086361344385        113.28104728900878     
   6.8113609791233873        75153.586944096256        3752964.6923405025        15508.718719941126        287682.77163852449        15818.364972534857        109.71504915449076     
   6.8914665101172785        71549.644475447814        3647532.3293028222        14466.227290441881        279745.19388695119        15712.075397749470        106.14030037687867     
   6.9726753786368816        68111.836403918060        3544842.5789591633        13497.233933862901        271977.99677037925        15604.302705010134        102.56819718443251     
   7.0550027815566230        64832.718067519636        3444827.3571116552        12596.912414948532        264379.63353536936        15495.125811388618        99.009603836362444     
   7.1384641250658438        61705.387583677075        3347429.0421988880        11760.723605694982        256949.16185552292        15384.649217606360        95.474871462336125     
   7.2230750275517970        58722.650371130367        3252566.5871193260        10984.103955143964        249683.75466026441        15272.910071701814        91.973426343874792     
   7.3088513225223721        55879.184014438819        3160227.5762170339        10263.300738088445        242585.45713715770        15160.137738661579        88.514748452228730     
   7.3958090615690706        53165.760476868818        3070217.9142369558        9593.2424917377102        235642.71216171957        15046.017198240032        85.105230699503579     
   7.4839645173707900        50581.803937150406        2982570.5690632272        8970.7638613338986        228861.82659772522        14930.106279928463        81.763256217645349     
   7.5730264667357421        48116.305326863665        2896906.6102932566        8390.0877010662916        222217.54942745939        14810.938191471434        78.494036294975189     
   7.6623919552917465        45817.893788723137        2815442.9409649665        7863.3071310547748        215880.78050708285        14694.314304270556        75.359619635378806     
   7.7517574438477510        43578.834164375090        2733919.8458036785        7359.5400190947412        209528.79559061400        14569.886795132590        72.249842755269540     
   7.8411229324037572        41399.493689562652        2652336.9481383003        6878.5532651257836        203162.49361675556        14436.989039203574        69.167850703478223     
