  0.99980783220400882        923066191589.62244        10731766.894330189        76906079617.961746        16996360.863833923        659.87166513065972        1.4635689585593203     
   1.0000000000000000        923066111426.00671        10811930.506068747        76905988613.448227        17087357.637892861        667.59518097672697        1.4804881664552618     
   1.0001921677959911        917824274190.81519        10861652.165918360        76469131420.682236        17128918.264602389        675.35523632794320        1.4979249032197557     
   1.0003843355919824        908781920332.33215        10598877.833174048        75715991231.300613        16717742.549311966        657.40167028478891        1.4983292977857918     
   1.0005765033879734        899919869446.13940        10533758.817802422        74977584769.861588        16614539.921448709        657.32263993445679        1.4950429232844880     
   1.0007686711839647        891039821947.04114        10490273.518692030        74237647836.065796        16543890.887342000        661.07403549232697        1.4980831317669181     
   1.0009608389799558        882273626530.64514        10458924.853901511        73507182311.160065        16490516.281037306        666.42524334773805        1.5041263093093495     
   1.0011530067759469        873580003756.57129        10439229.486416571        72782749514.574722        16453103.337206829        673.05665341285464        1.5132596402907945     
   1.0013451745719382        864974776096.74927        10427766.177349795        72065673135.658234        16426217.562546251        680.36118647637932        1.5244594789146186     
   1.0015373423679292        856451140174.11865        10423353.989684470        71355388097.425980        16407889.583620207        688.17379651940132        1.5374496063906598     
   1.0017295101639203        848010443662.73572        10424499.498593424        70652008876.212616        16395824.976051178        696.32527715258402        1.5518299207267447     
   1.0019216779599116        839650966008.72217        10430291.021310920        69955393390.283478        16388650.070835754        704.74645730495001        1.5673794039297508     
   1.0021138457559027        831372124313.66089        10439926.368396603        69265494152.274445        16385210.550233481        713.38719752124939        1.5839022057571135     
   1.0023060135518940        823172919085.06311        10452819.095404182        68582228631.444572        16384697.289436245        722.22420638682036        1.6012640630062833     
   1.0024981813478850        815052513349.54443        10468497.284791304        67905527661.328430        16386489.647475861        731.24445767971383        1.6193607735060649     
   1.0026903491438761        807010018936.87268        10486597.720091034        67235317650.023483        16390135.083630273        740.44342835323528        1.6381174282783495     
   1.0028825169398674        799044576590.43774        10506834.038577663        66571527305.365196        16395297.171460798        749.82095412499984        1.6574790625317364     
   1.0030746847358585        791155326644.38892        10528982.895903872        65914085215.245003        16401730.592784548        759.37990210992677        1.6774069741808963     
   1.0032668525318498        783341420168.01880        10552869.305118723        65262920799.087982        16409257.112835076        769.12492062232889        1.6978746525448509     
   1.0034590203278408        775602015082.77380        10578356.855501536        64617963999.532333        16417749.501074152        779.06184598307766        1.7188651785797708     
   1.0036511881238319        767936277933.80469        10605339.550560199        63979145442.234276        16427118.691675821        789.19727649213110        1.7403690611725195     
   1.0038433559198232        760343383612.04480        10633735.679896129        63346396421.593925        16437304.392375372        799.53833634974217        1.7623826591132146     
   1.0040355237158143        752822515818.57007        10663482.946879726        62719648946.180710        16448267.902636489        810.09252297347393        1.7849069500673722     
   1.0042276915118054        745372867157.13953        10694534.678072970        62098835751.591179        16459986.737289654        820.86761854856786        1.8079466007285441     
   1.0044198593077966        737993639247.69812        10726856.825048173        61483890313.622940        16472450.557007859        831.87163669697645        1.8315092528785046     
   1.0046120271037877        730684042724.73840        10760425.596219225        60874746851.072662        16485658.103788985        843.11279279594203        1.8556049797242691     
   1.0048041948997790        723443297195.46619        10795225.573298169        60271340324.448395        16499614.888875214        854.59948847272676        1.8802458710871690     
   1.0049963626957701        716270631172.78369        10831248.208776470        59673606431.866837        16514331.451426115        866.34030514646213        1.9054457181971285     
   1.0051885304917612        709165282000.34827        10868490.621806368        59081481604.129723        16529822.047749540        878.34400306565931        1.9312197749347879     
   1.0053806982877525        702126495777.92505        10906954.627498390        58494902999.386993        16546103.666654611        890.61952375509225        1.9575845782341688     
   1.0055728660837435        695153527290.04395        10946645.952720901        57913808497.816185        16563195.290515626        903.17599439149410        1.9845578140292475     
   1.0057650338797346        688245639932.21948        10987573.597692331        57338136696.032936        16581117.342108790        916.02273324720352        2.0121582186260425     
   1.0059572016757259        681402105637.78516        11029749.314161913        56767826901.346504        16599891.271470161        929.16925561749736        2.0404055074140199     
   1.0061493694717170        674622204801.22192        11073187.176632352        56202819125.618454        16619539.247721991        942.62527980699053        2.0693203248909500     
   1.0063415372677083        667905226200.52551        11117903.227789229        55643054079.010384        16640083.930409575        956.40073300641632        2.0989242113408562     
   1.0065337050636995        661250466920.15576        11163915.183561375        55088473163.722694        16661548.299568191        970.50575680901818        2.1292395824164996     
   1.0067258728596917        654657232272.28552        11211242.186252944        54539018467.499649        16683955.530326691        984.95071235720525        2.1602897188884800     
   1.0069180406556868        648124835727.68372        11259904.596767174        53994632758.000107        16707328.900454246        999.74618501360612        2.1920987644787679     
   1.0071102084516932        641652598836.02197        11309923.817728035        53455259476.137115        16731691.721383279        1014.9029884611617        2.2246917297499609     
   1.0073023762477462        635239851185.46155        11361322.144006802        52920842732.825897        16757067.289288629        1030.4321684565728        2.2580945016594058     
   1.0074945440439846        628885930269.00049        11414122.629683860        52391327297.813019        16783478.843264446        1046.3450055671708        2.2923338554412322     
   1.0076867118409645        622590181604.73816        11468348.984790562        51866658609.740135        16810949.548444420        1062.6530187026638        2.3274374742364627     
   1.0078788796409106        616351958158.59338        11524025.454830613        51346782728.065498        16839502.446469810        1079.3679649187520        2.3634339597652501     
   1.0080710474527215        610170621563.95667        11581176.807301940        50831646434.644508        16869160.526348211        1096.5018491254634        2.4003528790082100     
   1.0082632153119921        604045538141.43567        11639828.107197789        50321196902.181870        16899946.527192410        1114.0669120306095        2.4382247297456900     
   1.0084553833611001        597976087435.90076        11700005.254604531        49815382405.047302        16931883.642787330        1132.0757053365662        2.4770811750154631     
   1.0086475521695593        591961630555.98828        11761734.055760879        49314149681.912811        16964994.395454146        1150.5410390480431        2.5169547094956637     
   1.0088397240154223        586001558663.30347        11825045.438740555        48817447970.884056        16999306.693517774        1169.4767153589971        2.5578805572992973     
   1.0090319080109005        580094999425.75342        11889971.340260098        48325204553.002411        17034847.814095542        1188.8977001700919        2.5998951652225379     
   1.0092241406048403        574240870607.96167        11956589.604057405        47837329172.675545        17071693.543565165        1208.8274700844149        2.6430550318120734     
   1.0094165675926261        568434308701.75781        12024995.694384536        47353416473.508400        17109915.827004198        1229.3034285753768        2.6874438319923835     
   1.0096097721557959        562656512076.76111        12095412.976741346        46871899549.172562        17149637.004864551        1250.4137429426569        2.7332376744655074     
   1.0098047636041412        556877730625.79114        12168408.538572965        46390298865.948067        17191262.293470085        1272.3187431249573        2.7807849480578244     
   1.0100022707614600        551077354475.15247        12244455.707026411        45906896642.365913        17235123.029983990        1295.1442391469232        2.8303977278981862     
   1.0102024982934592        545250555415.00586        12323633.203218440        45421290535.450600        17281217.879531246        1318.9300976006914        2.8821968770416659     
   1.0104054836693552        539398227839.31482        12406000.323502280        44933555063.030014        17329566.756255671        1343.7101486889030        2.9362741832789592     
   1.0106112648744479        533521099227.81641        12491710.187807973        44443750742.043945        17380288.737421043        1369.5368509899477        2.9927649980130835     
   1.0108198804172304        527619724824.25513        12580902.774599649        43951923752.767715        17433485.477976434        1396.4629187373444        3.0518082265350128     
   1.0110313693365947        521694667116.81177        12673715.154343767        43458120883.358253        17489254.196339507        1424.5431383650373        3.1135489652753812     
   1.0112457712091358        515746490479.94849        12770292.049251039        42962389073.074158        17547698.831955269        1453.8361393568380        3.1781433725125230     
   1.0114631261565596        509775774852.72406        12870784.582412207        42464776553.483788        17608928.627442259        1484.4041451657636        3.2457587191819126     
   1.0116834748531907        503783113150.30402        12975351.295285305        41965332631.905289        17673058.980318144        1516.3131806422261        3.3165746011500863     
   1.0119068585335826        497769112871.27307        13084157.920704339        41464107825.853218        17740211.023573890        1549.6331013834160        3.3907836674466623     
   1.0121333190002362        491734395879.03796        13197377.571344092        40961153844.723557        17810511.639086030        1584.4377293471837        3.4685926176713680     
   1.0123628986314195        485679598824.44702        13315190.783765754        40456523625.240532        17884093.333064258        1620.8049845619209        3.5502232137953209     
   1.0125956403891014        479605373364.52411        13437785.636076977        39950271349.625946        17961094.192289349        1658.8170462519518        3.6359134159092892     
   1.0128315878269887        473512386500.72540        13565357.857700501        39442452473.980560        18041657.835719004        1698.5605236508268        3.7259186109544329     
   1.0130707850986775        467401320939.80542        13698110.959482607        38933123758.245895        18125933.386972539        1740.1266382955241        3.8205129566585905     
   1.0133132769659159        461272875535.70093        13836256.371378442        38422343303.184250        18214075.454029527        1783.6114130309820        3.9199908443792228     
   1.0135591088069795        455127765816.18060        13980013.592123326        37910170594.201958        18306244.116247799        1829.1158660909232        4.0246684925054179     
   1.0138083266251650        448966724594.91241        14129610.346709106        37396666552.452324        18402604.914367840        1876.7462080317237        4.1348856804665255     
   1.0140609770573967        442790502631.86823        14285282.750504082        36881893589.830925        18503328.838946532        1926.6140395646817        4.2510076351031811     
   1.0143171073829556        436599869294.76355        14447275.477600740        36365915664.168884        18608592.313145816        1978.8365484396450        4.3734270826565327     
   1.0145767655323257        430395613189.71936        14615841.929406721        35848798331.795052        18718577.163890135        2033.5367031374149        4.5025664793248863     
   1.0148400000961646        424178542806.42072        14791244.404952560        35330608801.412254        18833470.582053177        2090.8434418959037        4.6388804372645938     
   1.0151068603343949        417949487323.21112        14973754.273193989        34811416001.171158        18953465.071882408        2150.8918550489379        4.7828583614764018     
   1.0153773961854240        411709297789.17841        15163652.155106140        34291290677.313076        19078758.399569869        2213.8233599873524        4.9350273185090172     
   1.0156516582754875        405458848834.49579        15361228.116638241        33770305536.735394        19209553.541546874        2279.7858663980210        5.0959551544925317     
   1.0159296979281252        399199040825.20850        15566781.872471528        33248535426.617008        19346058.632297505        2348.9339301460495        5.2662538860413051     
   1.0162115671737835        392930802031.53052        15780622.977086799        32726057515.247772        19488486.884901293        2421.4288904543550        5.4465833807783852     
   1.0164973187595523        386655090130.47754        16003070.976174437        32202951417.339600        19637056.452965438        2497.4389853783473        5.6376553505449465     
   1.0167870061590369        380372892508.58228        16234455.480529508        31679299219.540791        19791990.194263615        2577.1394383404145        5.8402376752768026     
   1.0170806835823643        374085225495.39148        16475116.150376160        31155185416.885777        19953515.330701470        2660.7125125417951        6.0551590839772551     
   1.0173784059863265        367793133721.74481        16725402.616656929        30630696859.701275        20121863.046019688        2748.3475344408466        6.2833142223331988     
   1.0176802290846658        361497691657.81238        16985674.409764700        30105922882.155823        20297268.116749428        2840.2408941969520        6.5256691444649695     
   1.0179862093585010        355200009303.47095        17256300.982144788        29580955776.686131        20479968.683306016        2936.5960334431297        6.7832672676655008     
   1.0182964040668960        348901242439.95953        17537661.856998321        29055891648.352421        20670206.202552024        3037.6234248864271        7.0572358209399297     
   1.0186108712575754        342602605049.08496        17830146.812567364        28530831449.767429        20868225.475664929        3143.5405322629031        7.3487927987996482     
   1.0189296697777870        336305378706.55530        18134155.846326124        28005881764.054661        21074274.465737212        3254.5717173835815        7.6592544057773626     
   1.0192528592853138        330010912800.68005        18450098.550647005        27481154823.805740        21288603.506258272        3370.9480441898349        7.9900429535889756     
   1.0195805002596392        323720611895.40515        18778392.571108885        26956767459.603382        21511463.576749571        3492.9069348920134        8.3426951754758036     
   1.0199126540132624        317435912526.69183        19119461.062165536        26432839168.845982        21743103.621786471        3620.6916665329763        8.7188709454186775     
   1.0202493827031742        311158259193.11414        19473729.484277770        25909490117.896038        21983767.375099286        3754.5507599621624        9.1203624508137722     
   1.0205907493424882        304889094611.58929        19841622.513769351        25386840332.534592        22233690.600879796        3894.7373793311631        9.5491039198710883     
   1.0209368178122313        298629878625.85223        20223562.043776114        24865011274.767250        22493099.831472326        4041.5088980368628        10.007182028699548     
   1.0212876528732999        292382141700.05841        20619967.009216905        24344130299.657871        22762213.338221088        4195.1267584410725        10.496847059775821     
   1.0216433201785766        286147564441.41351        21031255.017791227        23824337279.260452        23041244.195890408        4355.8566436004285        11.020524741587881     
   1.0220038862852185        279928059389.90149        21457844.680333514        23305791414.804241        23330404.126504205        4523.9688110337220        11.580828489494310     
   1.0223694186671104        273725822394.43045        21900156.509399522        22788675515.800594        23629905.787947856        4699.7382684207787        12.180571554261663     
   1.0227399857274921        267543323824.90292        22358609.772853438        22273195269.443184        23939960.813704696        4883.4443768455594        12.822778445017637     
   1.0231156568117585        261383225919.60449        22833613.132546302        21759572360.333580        24260771.557323795        5075.3695159555828        13.510695010577573     
   1.0234965022204374        255248237436.49106        23325548.308314078        21248032371.727909        24592516.117268242        5275.7966554047107        14.247796742823835     
   1.0238825932223441        249140941853.22235        23834748.076337647        20738790486.981918        24935328.398401070        5485.0060090380230        15.037795185916133     
   1.0242740020679186        243063650964.48276        24361471.965044219        20232039308.437046        25289276.965740256        5703.2712972226527        15.884642659658359     
   1.0246708020027457        237018335083.06305        24905884.334920377        19727943056.544128        25654347.534879237        5930.8563891171698        16.792535733314725     
   1.0250730672812622        231006663138.64664        25468039.536792923        19226640919.552471        26030433.605234060        6168.0131294833354        17.765917865826118     
   1.0254808731806517        225030156061.96768        26047877.426340111        18728259833.630089        26417337.983065166        6414.9809427103146        18.809481364314664     
   1.0258942960149322        219090424548.02493        26645229.988303155        18232934284.599915        26814785.206707254        6671.9883862416473        19.928168316570972     
   1.0263134131492366        213189437916.80762        27259836.947108634        17740828693.807159        27222442.011157133        6939.2563205102306        21.127169602633593     
   1.0267383030142903        207329761667.34241        27891365.844022669        17252157192.516521        27639940.794118665        7217.0019145210535        22.411920618613138     
   1.0271690451210875        201514709484.89703        28539430.868496191        16767196270.137814        28066900.220121119        7505.4424529937478        23.788092143693081     
   1.0276057200757727        195748377428.08890        29203605.037821975        16286287611.572203        28502937.799620517        7804.7979154882132        25.261574882191599     
   1.0280484095947213        190035556496.51428        29883422.008730721        15809830809.967020        28947671.263045199        8115.2915572932925        26.838456633998732     
   1.0284971965198346        184381546443.12811        30578366.346464060        15338267860.638990        29400708.200358849        8437.1481514387870        28.524991653277830     
   1.0289521648340405        178791911877.32272        31287853.781753406        14872062854.682989        29861626.043989561        8770.5900354357309        30.327562426985807     
   1.0294133996770094        173272228067.24652        32011205.165301513        14411680819.372913        30329946.394839209        9115.8315191086658        32.252634657387816     
   1.0298809873610879        167827858769.67416        32747619.047871105        13957569228.124672        30805108.575343933        9473.0724678279475        34.306706611300477     
   1.0303550153874501        162463795145.18604        33496147.889056895        13510144597.368334        31286447.063240401        9842.4919332351801        36.496254117185011     
   1.0308355724624716        157184567986.52139        34255681.987337157        13069785186.048174        31773176.344905991        10224.242581223885        38.827672417525690     
   1.0313227485143290        151994229611.22406        35024943.659839779        12636829492.009871        32264385.106345754        10618.446417104979        41.307215879825513     
   1.0318166347098308        146896390084.28412        35802492.413716733        12211579267.243925        32759039.977020469        11025.192005282450        43.940936333249979     
   1.0323173234714742        141894286432.49661        36586740.238141432        11794305274.934818        33255997.617271934        11444.533099749249        46.734620633171680     
   1.0328249084947438        136990863010.00136        37375974.971598051        11385253970.247936        33754023.002755612        11876.488392455904        49.693727990605630     
   1.0333394847656427        132188844844.73248        38168389.097017825        10984653592.981621        34251811.385778733        12321.041979633874        52.823327699608654     
   1.0338611485784690        127490791775.16379        38962111.237545013        10592718658.363605        34748011.516789787        12778.144132780380        56.128038053528030     
   1.0343899975538347        122899127678.19325        39755237.975284643        10209652372.823799        35241248.165761270        13247.712028989657        59.611967499295581     
   1.0349261306569340        118416144736.86250        40545864.185030065        9835646971.7108631        35730142.593394607        13729.630202829543        63.278659274653570     
   1.0354696482160641        114043986729.98961        41332110.726231009        9470882311.3611832        36213330.252160333        14223.750606951266        67.131040934221801     
   1.0360206519413981        109784617547.15327        42112148.925309196        9115523232.6497440        36689475.521273591        14729.892276271046        71.171380209350716     
   1.0365792449440197        105639781742.73734        42884221.722534001        8769716263.6493073        37157283.652018927        15247.840674837682        75.401248553889516     
   1.0371455317552176        101610963373.39098        43646661.647692643        8433586181.3833733        37615510.305364773        15777.346850817816        79.821493538749593     
   1.0377196183460480        97699348101.399017        44397905.922229238        8107232847.4385900        38062969.131340541        16318.126542406691        84.432220966624655     
   1.0383016121471649        93905792020.633087        45136509.006301217        7790728605.1539192        38498537.806765877        16869.859368742371        89.232787227449208     
   1.0388916220689235        90230799185.719345        45861152.863473214        7484116403.0735674        38921162.861825831        17432.188216210950        94.221802047388181     
   1.0394897585217611        86674508584.725342        46570655.140550949        7187408706.1729002        39329863.522614241        18004.718899190590        99.397141428705055     
   1.0400961334368586        83236690367.790390        47263975.383389518        6900587179.1166191        39723734.699743927        18587.020141020548        104.75597023604972     
   1.0407108602870869        79916750526.526291        47940219.358022794        6623603074.3611174        40101949.183295533        19178.623893280761        110.29477362007198     
   1.0413340541082410        76713742868.202728        48598641.515722036        6356378228.8036928        40463759.059359364        19779.025987917907        116.00939623945355     
   1.0419658315205671        73626386980.461777        49238645.640199035        6098806560.2490902        40808496.346506312        20387.687100961852        121.89508809285518     
   1.0426063107505863        70653090872.746872        49859783.730735205        5850755954.2521477        41135572.852097958        21004.033996075847        127.94655566747318     
   1.0432556116532183        67791977057.603760        50461753.206486128        5612070438.2283936        41444479.264398195        21627.461011621912        134.15801707900209     
   1.0439138557342111        65040910957.822006        51044392.549495496        5382572549.9851904        41734783.516679883        22257.331753016770        140.52325987478983     
   1.0445811661728777        62397530667.626274        51607675.538559534        5162065819.6500149        42006128.483180918        22892.980954373135        147.03570023473270     
   1.0452576678451475        59859277239.863083        52151704.249765582        4950337295.9058609        42258229.083254576        23533.716474845012        153.68844236469164     
   1.0459434873469351        57423424809.175980        52676701.021609150        4747160058.9822636        42490868.887482941        24178.821400834302        160.47433701329490     
   1.0466387530178298        55087109988.689789        53182999.587385871        4552295673.4289217        42703896.324250706        24827.556226894001        167.38603813494603     
   1.0473435949651124        52847360091.412834        53671035.581168532        4365496543.1978130        42897220.590342268        25479.161093977913        174.41605688114780     
   1.0480581450881041        50701119831.418770        54141336.615144551        4186508140.1933279        43070807.365746818        26132.858066421977        181.55681223163484     
   1.0487825371028470        48645276249.908958        54594512.112313703        4015071084.9889183        43224674.426357530        26787.853432359836        188.80067771056233     
   1.0495169065671273        46676681691.188507        55031243.062783144        3850923065.0301366        43358887.240128875        27443.340015866957        196.14002378004108     
   1.0502613909058442        44792174722.836716        55452271.850169927        3693800581.4874215        43473554.620865412        28098.499491092880        203.56725561630068     
   1.0510161294367255        42988598953.057045        55858392.274104752        3543440520.7561159        43568824.502223589        28752.504691040227        211.07484609428835     
   1.0517812633963977        41262819748.230537        56250439.873990186        3399581550.8298030        43644879.883609287        29404.521905879505        218.65536391469965     
   1.0525569359668177        39611738893.924126        56629282.636764064        3261965346.1231184        43701934.987085134        30053.713166307880        226.30149688235818     
   1.0533432923020662        38032307275.089645        56995812.154598556        3130337647.0136771        43740231.655142017        30699.238509650597        234.00607044075855     
   1.0541404795555112        36521535676.122536        57350935.279259935        3004449162.4901733        43760036.008669280        31340.258226256075        241.76206161311529     
   1.0549486469073441        35076503819.130577        57695566.305581979        2884056325.7632389        43761635.376809232        31975.935085047127        249.56260856347643     
   1.0557679455924978        33694367771.186012        58030619.703546286        2768921913.7169456        43745335.502697490        32605.436536825244        257.40101602546167     
   1.0565985289289470        32372365857.898834        58357003.406806417        2658815541.6714501        43711458.023302391        33227.936894181075        265.27075687493135     
   1.0574405523463990        31107823223.525295        58675612.657671504        2553514045.1238985        43660338.216538630        33842.619486633484        273.16547014778888     
   1.0582941734153797        29898155176.903599        58987324.400726974        2452801760.1057944        43592323.005064592        34448.678789238344        281.07895581157021     
   1.0591595518767210        28740869458.851154        59292992.212488189        2356470713.4630265        43507769.203096561        35045.322522449307        289.00516661035027     
   1.0600368496714525        27633567560.926041        59593441.750356793        2264320733.8946261        43407041.990212485        35631.773720171426        296.93819729955516     
   1.0609262309711076        26573945218.182632        59889466.701785557        2176159493.9943547        43290513.595062576        36207.272762653258        304.87227159035251     
   1.0618278622084438        25559792190.237110        60181825.212608553        2091802492.8307791        43158562.170448825        36771.079369603453        312.80172711017502     
   1.0627419121085884        24588991436.046917        60471236.773383215        2011072987.8691797        43011570.841411449        37322.474548744271        320.72099868803758     
   1.0636685517206128        23659517778.548595        60758379.541494779        1933801884.2643723        42849926.907310106        37860.762493619150        328.62460025198430     
   1.0646079544495417        22769436146.132908        61043888.078365013        1859827588.7884166        42674021.179897398        38385.272424538962        336.50710563118849     
   1.0655602960888018        21916899468.933350        61328351.480534248        1788995834.9088635        42484247.439287417        38895.360365151049        344.36312852907975     
   1.0665257548531200        21100146299.175446        61612311.885322168        1721159484.7992659        42281001.990906440        39390.410847184132        352.18730193795460     
   1.0675045114118724        20317498216.782890        61896263.332052797        1656178313.4038904        42064683.307350412        39869.838535240247        359.97425724625862     
   1.0684967489228936        19567357073.749374        62180650.961334601        1593918779.0197487        41835691.739909910        40333.089763175420        367.71860328472104     
   1.0695026530667522        18848202123.680466        62465870.535285369        1534253784.2846172        41594429.285740592        40779.643973527855        375.41490554630332     
   1.0705224120814971        18158587076.668503        62752268.263348989        1477062430.9242711        41341299.397956327        41209.015051626411        383.05766581159008     
   1.0715562167978832        17497137113.653564        63040140.917813487        1422229771.1151786        41076706.826496355        41620.752545521609        390.64130239143952     
   1.0726042606750823        16862545889.284145        63329736.225117400        1369646557.8947906        40801057.479615755        42014.442764175896        398.16013120927772     
   1.0736667398368860        16253572547.684961        63621253.518199496        1319208996.6554635        40514758.296159975        42389.709745707703        405.60834791714899     
   1.0747438531084068        15669038771.245728        63914844.636136405        1270818499.4091494        40218217.120439179        42746.216088886875        412.98001124972649     
   1.0758358020532843        15107825879.116333        64210615.057156518        1224381443.2209289        39911842.572585292        43083.663641566818        420.26902780365117     
   1.0769427910114060        14568871988.775858        64508625.250894852        1179808933.9225352        39596043.907906055        43401.794040255838        427.46913842140265     
   1.0780650271371435        14051169251.304701        64808892.235685132        1137016576.0067747        39271230.860445291        43700.389096729850        434.57390635860952     
   1.0792027204381209        13553761168.687775        65111391.326325394        1095924249.3908885        38937813.466382943        43979.271028006231        441.57670739564367     
   1.0803560838145119        13075739999.310207        65416058.057190768        1056455893.5669461        38596201.864023365        44238.302527433341        448.47072205087693     
   1.0815253330988812        12616244256.164158        65722790.265397035        1018539299.5202096        38246806.068286851        44477.386676171154        455.24893004429538     
   1.0827106870965750        12174456300.747135        66031450.317743510        982105909.65735400        37890035.717860572        44696.466694922245        461.90410714149158     
   1.0839123676266653        11749600034.368563        66341867.465076111        947090625.89402807        37526299.794557005        44895.525537868023        468.42882450781798     
   1.0851305995634604        11340938687.623814        66653840.307040870        913431625.95825624        37156006.314743355        45074.585331485432        474.81545067930244     
   1.0863656108785855        10947772707.810362        66967139.349662460        881070187.89165115        36779561.993464060        45233.706662422665        481.05615624919432     
   1.0876176326836446        10569437743.447542        67281509.638127744        849950522.67457259        36397371.882560320        45372.987719908910        487.14292135360529     
   1.0888868992734695        10205302724.418684        67596673.446467787        820019614.84998620        36009838.984485917        45492.563299175898        493.06754602036568     
   1.0901736481699629        9854768035.8115215        67912333.006136239        791227070.97949362        35617363.843996644        45592.603673535450        498.82166343264322     
   1.0914781201665478        9517263783.1755829        68228173.255195200        763524975.74031389        35220344.120439596        45673.313343868154        504.39675613731981     
   1.0928005593732268        9192248146.5898056        68543864.589994937        736867755.43834651        34819174.143385492        45734.929674829080        509.78417520905919     
   1.0941412132622639        8879205820.7516079        68859065.601676196        711212048.70361328        34414244.454993360        45777.721428289260        514.97516236343677     
   1.0955003327144952        8577646538.1095161        69173425.779938728        686516584.11240935        34005941.342280418        45801.987204611767        519.96087498468989     
   1.0968781720662761        8287103671.9922190        69486588.167725861        662742064.47766066        33594646.362980694        45808.053803365518        524.73241401891926     
   1.0982749891570767        8007132916.5521698        69798191.950283855        639851057.53992283        33180735.868471768        45796.274514988931        529.28085465037884     
   1.0996910453777313        7737311040.3772116        70107874.964108735        617807892.78789401        32764580.527411859        45767.027355403057        533.59727966427761     
   1.1011266057193547        7477234710.5652571        70415276.111132249        596578564.14021671        32346544.853630155        45720.713255403549        537.67281536138887     
   1.1025819388229297        7226519384.0907955        70720037.665691629        576130638.21794438        31926986.741801210        45657.754216846603        541.49866987762960     
   1.1040573170295787        6984798263.3436327        71021807.462279901        556433167.94293249        31506257.014174957        45578.591447079343        545.06617371890763     
   1.1055530164315286        6751721312.7158155        71320240.953803763        537456611.19977641        31084698.981611159        45483.683483112123        548.36682230921394     
   1.1070693169237762        6526954333.2509880        71615003.131405860        519172754.30618936        30662648.021849159        45373.504316289451        551.39232030906771     
   1.1086065022564662        6310178092.3753729        71905770.298294738        501554640.04272974        30240431.177854721        45248.541528001668        554.13462744369667     
   1.1101648600879894        6101087505.8489866        72192231.691446826        484576499.99756956        29818366.778597824        45109.294445958491        556.58600554419525     
   1.1117446820388148        5899390869.1451426        72474090.946681231        468213690.99342155        29396764.084642399        44956.272330361600        558.73906648573484     
   1.1133462637460600        5704809135.5648232        72751067.403815895        452442635.36856025        28975922.960396182        44789.992598172343        560.58682067365055     
   1.1149699049188146        5517075238.4753799        73022897.250239775        437240764.89321226        28556133.574708715        44610.979093150134        562.12272570989728     
   1.1166159093942274        5335933455.1780939        73289334.502503723        422586468.11203671        28137676.131210733        44419.760408498980        563.34073484485305     
   1.1182845851943624        5161138809.9944029        73550151.826956660        408459040.90927106        27720820.629370570        44216.868267999751        564.23534480166632     
   1.1199762445838410        4992456514.2553720        73805141.201418042        394838640.10612702        27305826.657205544        44002.835971069129        564.80164254333909     
   1.1216912041282776        4829661440.9924707        74054114.421361253        381706239.90366012        26892943.216005299        43778.196905938414        565.03535053712869     
   1.1234297847535180        4672537632.2213001        74296903.454941019        369043590.99690491        26482408.577393010        43543.483134721821        564.93287006231856     
   1.1251923118056968        4520877836.8014183        74533360.652145311        356833182.19261134        26074450.172690332        43299.224053248443        564.49132210261132     
   1.1269791151121193        4374483076.9604759        74763358.814216778        345058204.37201452        25669284.514345702        43045.945127861967        563.70858536390017     
   1.1287905290429843        4233162241.6674261        74986791.130317882        333702516.64807451        25267117.148962084        42784.166710717443        562.58333096430738     
   1.1306268925739544        4096731705.1264887        75203570.988852397        322750614.57475173        24868142.641256802        42514.402934473139        561.11505335509844     
   1.1324885493495911        3965014968.7590957        75413631.671495184        312187600.27361846        24472544.588106871        42237.160686707590        559.30409705004718     
   1.1343758477476609        3837842325.1323938        75616925.938359171        301999154.35104507        24080495.661686592        41952.938663880312        557.15167876524265     
   1.1362891409443290        3715050542.3744068        75813425.512988225        292171509.48656881        23692157.680574104        41662.226504208142        554.65990460427122     
   1.1382287869802505        3596482567.7067962        76003120.476164430        282691425.57955742        23307681.707528200        41365.503998305030        551.83178196105951     
   1.1401951488275708        3481987248.7980523        76186018.577461883        273546166.34893948        22927208.172600944        41063.240376174312        548.67122585937852     
   1.1421885944578503        3371419071.7252259        76362144.473656461        264723477.28687432        22550867.020133302        40755.893668760458        545.18305949919147     
   1.1442094969109240        3264637914.4052758        76531538.902968809        256211564.87370333        22178777.878124330        40443.910141995104        541.37300883699811     
   1.1462582343647101        3161508814.4284272        76694257.804036617        247999076.96774387        21811050.248440780        40127.723801093241        537.24769109098179     
   1.1483351902059789        3061901750.2917542        76850371.388200134        240075084.28823873        21447783.716209371        39807.755962485142        532.81459712659455     
   1.1504407531020973        2965691435.0990286        76999963.173549220        232429062.91675603        21089068.176856302        39484.414890881504        528.08206775116162     
   1.1525753170737620        2872757121.8601413        77143128.988931045        225050877.74618939        20734984.079127491        39158.095498604904        523.05926401452018     
   1.1547392815687336        2782982419.5672960        77279975.955490515        217930766.81192660        20385602.682488132        38829.179104352967        517.75613168906727     
   1.1569330515365852        2696255119.2976356        77410621.453281865        211059326.44415805        20040986.327287208        38498.033248429099        512.18336017248816     
   1.1591570375044846        2612467029.6358070        77535192.079896420        204427497.18525156        19701188.716160398        38165.011561560357        506.35233612872651     
   1.1614116556540144        2531513820.7581077        77653822.607545182        198026550.41871151        19366255.205034308        37830.453684128624        500.27509224821858     
   1.1636973278990568        2453294876.5728397        77766654.944808736        191848075.66188425        19036223.102312703        37494.685232981057        493.96425157356754     
   1.1660144819647438        2377713154.3514075        77873837.108584031        185883968.47724614        18711121.974773757        37158.017812809150        487.43296789111815     
   1.1683635514675024        2304675051.3260880        77975522.211445034        180126418.95949045        18390973.958678000        36820.749068965830        480.69486273953635     
   1.1707449759961970        2234090277.7693901        78071867.469003975        174567900.76146629        18075794.074891850        36483.162779108148        473.76395962922891     
   1.1731592011943899        2165871736.1098676        78163033.231639862        169201160.62157112        17765590.546568267        36145.528980477793        466.65461609582627     
   1.1756066788437389        2099935405.6659663        78249182.044189066        164019208.36072052        17460365.118260335        35808.104130222411        459.38145423692811     
   1.1780878669485380        2036200232.6173193        78330477.736983359        159015307.31812188        17160113.375268180        35471.131295954474        451.95929039237359     
   1.1806032298214260        1974588024.8614070        78407084.551115692        154182965.19756883        16864825.062095311        35134.840373828127        444.40306463005220     
   1.1831532381702754        1915023351.4264879        78479166.300256252        149515925.29871485        16574484.399018930        34799.448331622814        436.72777069337423     
   1.1857383691862775        1857433446.1456296        78546885.571209133        145008158.10915565        16289070.395774493        34465.159474248088        428.94838704621600     
   1.1883591066332393        1801748115.3111157        78610402.964668304        140653853.23563662        16008557.161490664        34132.165729312816        421.07980962595116     
   1.1910159409381129        1747899649.0592263        78669876.377606213        136447411.65391156        15732914.210021513        33800.646950368529        413.13678687748580     
   1.1937093692827714        1695822736.2499189        78725460.328111097        132383438.25880998        15462106.759935746        33470.771235616892        405.13385759816799     
   1.1964398956970463        1645454382.6272194        78777305.323292628        128456734.69740359        15196096.028477008        33142.695259943343        397.08529207300353     
   1.1992080311530495        1596733832.0664306        78825557.270662740        124662292.46941757        14934839.518859407        32816.564618189310        389.00503692222298     
   1.2020142936607929        1549602490.7237055        78870356.932841137        120995286.28066929        14678291.300374269        32492.514177779922        380.90666402475210     
   1.2048592083651242        1504003853.9265563        78911839.425529629        117451067.63582194        14426402.280768823        32170.668438742585        372.80332381564762     
   1.2077433076440012        1459883435.6517344        78950133.758203909        114025158.65878785        14179120.470537500        31851.141899510654        364.70770319247458     
   1.2106671312081150        1417188700.4543772        78985362.416995138        110713246.12909444        13936391.238706844        31534.039426740510        356.63198819865920     
   1.2136312262018893        1375868997.7177782        79017640.988737226        107511175.72413737        13698157.559839716        31219.456627660078        348.58783158886229     
   1.2166361473058691        1335875498.1120522        79047077.825438693        104414946.45760067        13464360.251983650        30907.480223439350        340.58632531781893     
   1.2196824568405187        1297161132.1521177        79073773.747854620        101420705.30573183        13234938.205422578        30598.188422352545        332.63797793581551     
   1.2227707248714521        1259680530.7601504        79097821.787117749        98524742.012706518        13009828.602002533        30291.651291286405        324.75269681754094     
   1.2259015293161100        1223389967.7416267        79119306.962963641        95723484.068386033        12788967.125028389        29987.931124644987        316.93977510144197     
   1.2290754560519079        1188247304.0937955        79138306.097240865        93013491.851026922        12572288.159613268        29687.082809437066        309.20788317058287     
   1.2322930990258731        1154211934.0720479        79154887.661247432        90391453.928951189        12359724.983519915        29389.154185680487        301.56506446619250     
   1.2355550603657925        1121244732.9444571        79169111.655411631        87854182.514948413        12151209.948486269        29094.186401156556        294.01873539161102     
   1.2388619504928891        1089308006.3716667        79181029.519819230        85398609.068367168        11946674.652162850        28802.214259860833        286.57568903629010     
   1.2422143882360537        1058365441.3528645        79190684.074065953        83021780.039152682        11746050.100680947        28513.266563250814        279.24210242734557     
   1.2456130009476472        1028382058.6843616        79198109.484961152        80720852.749714881        11549266.862074563        28227.366443881961        272.02354700096151     
   1.2490584246209002        999324166.87941194        79203331.260520309        78493091.409792170        11356255.210669396        27944.531690779211        264.92500197482298     
   1.2525513040089273        971159317.50385940        79206366.268894538        76335863.259938881        11166945.262600232        27664.775066017683        257.95087029760981     
   1.2560922927453821        943856261.88230288        79207222.780673414        74246634.840200797        10981267.102740288        27388.104612304756        251.10499685213179     
   1.2596820534667748        917384909.13507283        79205900.533285260        72222968.379688740        10799150.903193396        27114.523951054642        244.39068859147420     
   1.2633212579364717        891716285.50714660        79202390.816122711        70262518.303756624        10620527.033630313        26844.032570786414        237.81073629622685     
   1.2670105871704054        866822494.95154870        79196676.575031683        68363027.855377287        10445326.163725832        26576.626105647272        231.36743765207217     
   1.2707507315645159        842676680.93449330        79188732.535088241        66522325.827298708        10273479.357939495        26312.296603851468        225.06262136024159     
   1.2745423910239460        819252989.42721450        79178525.340308562        64738323.402080044        10104918.162949776        26051.032786024789        218.89767201064578     
   1.2783862750940163        796526533.05476582        79166013.709358320        63009011.096830055        9939574.6879998110        25792.820293345860        212.87355546452707     
   1.2822831030930062        774473356.37054920        79151148.606120288        61332455.809793748        9777381.6784493756        25537.641925495915        206.99084451319217     
   1.2862336042467606        753070402.22674382        79133873.424097881        59706797.966108456        9618272.5828466062        25285.477868515940        201.24974459991529     
   1.2902385178251530        732295479.21459579        79114124.183936894        58130248.759730056        9462181.6137680206        25036.305912528529        195.65011941123367     
   1.2942985932804274        712127230.14428031        79091829.742957741        56601087.489108808        9309043.8027573116        24790.101659533495        190.19151616637686     
   1.2984145903874462        692545101.53946257        79066912.016064674        55117658.984046392        9158795.0496567413        24546.838721422202        184.87319045247037     
   1.3025872793858679        673529314.12019706        79039286.207294032        53678371.120945551        9011372.1665769555        24306.488908263356        179.69413047341297     
   1.3068174411242861        655060834.24795735        79008861.051240325        52281692.424327001        8866712.9168454614        24069.022407196280        174.65308059993802     
   1.3111058672063507        637121346.30854356        78975539.063826695        50926149.751879230        8724756.0491609387        23834.407952000754        169.74856412579794     
   1.3154533601389047        619693226.00751805        78939216.801749930        49610326.060970701        8585441.3272768576        23602.612983703264        164.97890515296476     
   1.3198607334821584        602759514.55518281        78899785.130217671        48332858.253996417        8448709.5554297306        23373.603802320191        160.34224954386625     
   1.3243288120019348        586303893.71560001        78857129.498274058        47092435.100573406        8314502.5998219997        23147.345710127760        155.83658489450400     
   1.3288584318240098        570310661.69791484        78811130.221475393        45887795.234066337        8182763.4063630803        22923.803146588689        151.45975949471026     
   1.3334504405905796        554764709.86599982        78761662.771377355        44717725.220499262        8053436.0149559053        22702.939815325662        147.20950025489728     
   1.3381056976188823        539651500.24387264        78708598.071478650        43581057.697493166        7926465.5705290334        22484.718803321754        143.08342958911078     
   1.3428250740620049        524957043.79474878        78651802.799283788        42476669.581211224        7801798.3310574824        22269.102692673423        139.07908125405416     
   1.3476094530719045        510667879.45115548        78591139.694078907        41403480.339223802        7679381.6727883928        22056.053665176882        135.19391515240761     
   1.3524597299646761        496771053.87514842        78526467.870199218        40360450.327208772        7559164.0928711453        21845.533600006322        131.42533111577470     
   1.3573768123880956        483254101.92660946        78457643.135389507        39346579.187501162        7441095.2095935065        21637.504164774422        127.77068168925642     
   1.3623616204914710        470105027.81868631        78384518.313959792        38360904.307566963        7325125.7604201268        21431.926900275943        124.22728394476812     
   1.3674150870978323        457312286.94035321        78306943.574546039        37402499.336404100        7211207.5979999993        21228.763299152070        120.79243035437953     
   1.3725381578784939        444864768.32499534        78224766.762052730        36470472.757025696        7099293.6843209444        21027.974878769459        117.46339875877344     
   1.3777317915300213        432751777.74518931        78137833.733494654        35563966.513176255        6989338.0831726799        20829.523248581503        114.23746146848573     
   1.3829969599536356        420963021.41507345        78045988.697588280        34682154.688472487        6881295.9510705629        20633.370172230996        111.11189353737132     
   1.3883346484370866        409488590.27967775        77949074.557531461        33824242.236215621        6775123.5267871935        20439.477624660234        108.08398024962824     
   1.3937458558390354        398318944.87383127        77846933.256885991        32989463.758050237        6670778.1196077969        20247.807844417475        105.15102386191461     
   1.3992315947759717        387444900.73148412        77739406.128069818        32177082.330030076        6568218.0964857321        20058.323381548682        102.31034964313913     
   1.4047928918117094        376857614.32776535        77626334.243155226        31386388.374120563        6467402.8681531353        19870.987141115369        99.559311253728907     
   1.4104307876494901        366548569.53650284        77507558.766633853        30616698.573802922        6368292.8743520305        19685.762422725518        96.895295506319883     
   1.4161463373267336        356509564.58592314        77382921.309712246        29867354.832112782        6270849.5682699140        19502.612956235414        94.315726548781456     
   1.4219406104124697        346732699.49569976        77252264.285677165        29137723.270579435        6175035.4002748467        19321.502933825672        91.818069509636146     
   1.4278146912074912        337210363.97993791        77115431.266046032        28427193.267634459        6080813.8010508036        19142.397038684583        89.399833644602055     
   1.4337696789472614        327935225.79950702        76972267.336858422        27735176.535041343        5988149.1642161608        18965.260470489946        87.058575021881424     
   1.4398066880076188        318900219.54887950        76822619.454715237        27061106.230925858        5897006.8284990657        18790.058967862467        84.791898782118437     
   1.4459268481133121        310098535.86270338        76666336.802056879        26404436.108095404        5807353.0595518127        18616.758827999773        82.597461007483886     
   1.4521313045494109        301523611.02739251        76503271.141075268        25764639.696305912        5719155.0314665446        18445.326923648925        80.472970232749077     
   1.4584212183756255        293169116.98423183        76333277.165789366        25141209.517221674        5632380.8080588626        18275.730717595867        78.416188629421498     
   1.4647977666435805        285028951.70992440        76156212.851559907        24533656.330811162        5546999.3239723360        18107.938274816537        76.424932892480726     
   1.4712621426170787        277097229.96203309        75971939.801552355        23941508.412006065        5462980.3656618511        17941.918272456624        74.497074857413736     
   1.4778155559954025        269368274.37649596        75780323.589466348        23364310.856468495        5380294.5523050800        17777.640007786718        72.630541873663134     
   1.4844592331396871        261836606.90476781        75581234.097808316        22801624.914323445        5298913.3166813869        17615.073404253297        70.823316958964838     
   1.4911944173024141        254496940.57916838        75374545.851122782        22253027.350815464        5218808.8860681737        17454.189015786669        69.073438757378383     
   1.4980223688600651        247344171.59480572        75160138.343417048        21718109.832808465        5139954.2631837549        17294.958029463589        67.379001322290435     
   1.5049443655489798        240373371.69726914        74937896.359116003        21196478.340119854        5062323.2072105659        17137.352266642025        65.738153744133001     
   1.5119617027044638        233579780.86523950        74707710.286735281        20687752.600776482        4985890.2149440115        16981.344182729099        64.149099641229824     
   1.5190756935031877        226958800.27808437        74469476.424615949        20191565.549145099        4910630.5020693708        16826.906865602843        62.610096530545860     
   1.5262876692089260        220505985.55853915        74223097.277951121        19707562.806146696        4836519.9846191872        16674.014032880095        61.119455094058416     
   1.5335989794216820        214217040.28095585        73968481.846340194        19235402.180576075        4763535.2606086107        16522.640028040107        59.675538354984617     
   1.5410109923302409        208087809.73596013        73705545.901097581        18774753.190782662        4691653.5918924268        16372.759815573767        58.276760777117154     
   1.5485250949682057        202114274.94291770        73434212.251624480        18325296.605815377        4620852.8862406630        16224.348975170244        56.921587299139070     
   1.5561426934735549        196292546.90160510        73154411.000047058        17886724.005299881        4551111.6796606388        16077.383695061133        55.608532314946267     
   1.5638652133517790        190618861.07507157        72866079.783423483        17458737.357299209        4482409.1189802242        15931.840764599361        54.336158609880314     
   1.5716940997426392        185089572.09572926        72569164.002753526        17041048.613395013        4414724.9446945954        15787.697566108291        53.103076261850802     
   1.5796308176906015        179701148.68737847        72263617.038171887        16633379.320316777        4348039.4740927136        15644.932066085068        51.907941515431098     
   1.5876768524189950        174450168.79558730        71949400.449525937        16235460.247475002        4282333.5846793344        15503.522805844686        50.749455636300176     
   1.5958337096079460        169333314.91979358        71626484.161815971        15847031.029702386        4217588.6978866877        15363.448891613307        49.626363752421341     
   1.6041029156761411        164347369.64006773        71294846.634747297        15467839.824614219        4153786.7630899153        15224.689984152248        48.537453687852455     
   1.6124860180664711        159489211.33234841        70954475.015924588        15097642.983988550        4090910.2419302980        15087.226287958456        47.481554794267765     
   1.6209845855356086        154755810.06563517        70605365.277031824        14736204.738607820        4028942.0929540396        14951.038540102381        46.457536784777865     
   1.6296002084475745        150144223.67524073        70247522.332550615        14383296.895965872        3967865.7565571805        14816.107998700978        45.464308573935298     
   1.6383344990713475        145651594.00625977        69880960.140548721        14038698.550372561        3907665.1402549162        14682.416431126114        44.500817127435056     
   1.6471890918825740        141275143.32145751        69505701.785055816        13702195.804913692        3848324.6042674067        14549.946101953272        43.566046324470896     
   1.6561656438694314        137012170.86833423        69121779.539760709        13373581.504778923        3789828.9474223917        14418.679760685425        42.659015835240936     
   1.6652658348427072        132860049.59992976        68729234.912656859        13052654.981508793        3732163.3933798736        14288.600629306307        41.778780015792179     
   1.6744913677501461        128816223.04424198        68328118.671384439        12739221.807691677        3675313.5771725755        14159.692389674345        40.924426821963124     
   1.6838439689951288        124878202.31730929        67918490.849091887        12433093.561696904        3619265.5320658702        14031.939170806336        40.095076743903157     
   1.6933253887597390        121043563.27511367        67500420.730684608        12134087.602029270        3564005.6767353122        13905.325536079692        39.289881762338958     
   1.7029374013322800        117309943.79954691        67073986.819368772        11842026.850890642        3509520.8027547239        13779.836470361961        38.508024327494915     
   1.7126818054393045        113675041.21396595        66639276.783548467        11556739.586590366        3455798.0623989347        13655.457367119485        37.748716361359115     
   1.7225604245822148        110136609.82370435        66196387.384049006        11278059.244430723        3402824.9567560889        13532.174015522292        37.011198283803694     
   1.7325751073784998        106692458.57728411        65745424.381855778        11005824.225715242        3350589.3241460803        13409.972587568474        36.294738062851174     
   1.7427277279076745        103340448.84410955        65286502.426590309        10739877.714548388        3299079.3288431903        13288.839625257337        35.598630289238251     
   1.7530201860619816        100078492.30431136        64819744.925891429        10480067.502092473        3248283.4500960363        13168.762027821018        34.922195275330154     
   1.7634544079019236        96904548.946828142        64345283.896122061        10226245.818004489        3198190.4714508452        13049.727039076015        34.264778178308568     
   1.7740323460166940        93816625.171658099        63863259.794756353        9978269.1687109936        3148789.4703604830        12931.722234861343        33.625748147418982     
   1.7847559798895711        90812771.992370635        63373821.334900349        9735998.1822769530        3100069.8080875888        12814.735510633902        33.004497495078198     
   1.7956273162683440        87891083.335053563        62877125.282473087        9499297.4595772661        3052021.1198920906        12698.755069219080        32.400440891505610     
   1.8066483895408429        85049694.429973722        62373336.236655593        9268035.4315050356        3004633.3054973888        12583.769408729682        31.813014582503307     
   1.8178212621156411        82286780.292136192        61862626.394155793        9042084.2219916787        2957896.5198392197        12469.767310706715        31.241675630049222     
   1.8291480248079979        79600554.287297308        61345175.298105270        8821319.5165602304        2911801.1640804596        12356.737828448682        30.685901175191002     
   1.8406307972311216        76989266.779729471        60821169.572226807        8605620.4362182505        2866337.8768993085        12244.670275596085        30.145187722876532     
   1.8522717281928185        74451203.858302116        60290802.641100436        8394869.4164486006        2821497.5260396041        12133.554214959513        29.619050448229761     
   1.8640729960976063        71984686.137477577        59754274.437380336        8188952.0910913609        2777271.2001202353        12023.379447612822        29.107022523811992     
   1.8760368093543662        69588067.629812852        59211791.096803263        7987757.1809161063        2733650.2006998006        11914.136002269017        28.608654467423051     
   1.8881654067896094        67259734.686692312        58663564.641912326        7791176.3866927503        2690626.0345927035        11805.814124955812        28.123513509984338     
   1.9004610580664349        64998105.004052669        58109812.655436553        7599104.2865589419        2648190.4064267217        11698.404268979803        27.651182983034886     
   1.9129260641092607        62801626.689934194        57550757.944294930        7411438.2375348741        2606335.2114473153        11591.897085233732        27.191261725437240     
   1.9255627575344008        60668777.390764564        56986628.195228368        7228078.2809825195        2565052.5285531101        11486.283412809205        26.743363508819112     
   1.9383735030865770        58598063.473338149        56417655.623067565        7048927.0518621281        2524334.6135634277        11381.554269947457        26.307116481349883     
   1.9513606980814409        56588019.259424619        55844076.612570412        6873889.6916304305        2484173.8927138145        11277.700845338970        25.882162629475808     
   1.9645267728541895        54637206.310344644        55266131.355079204        6702873.7646226985        2444562.9563721078        11174.714489765232        25.468157257141595     
   1.9778741912143638        52744212.758383140        54684063.480756983        6535789.1777741900        2405494.5529702930        11072.586708087603        25.064768482191063     
   1.9914054509069090        50907652.682538614        54098119.687676735        6372548.1035488667        2366961.5831494485        10971.309151595280        24.671676749512422     
   2.0051230840795826        49126165.525753118        53508549.368630372        6213064.9059330514        2328957.0941095022        10870.873610698420        24.288574360592019     
   2.0190296577568079        47398415.551098987        52915604.236759417        6057256.0693789823        2291474.2741633570        10771.272007986643        23.915165019112525     
   2.0331277743200458        45723091.334399916        52319537.951029345        5905040.1305615464        2254506.4474850544        10672.496391626250        23.551163392218957     
   2.0474200719947881        44098905.290779285        51720605.742480643        5756337.6128491210        2218047.0690538068        10574.538929124761        23.196294687145386     
   2.0619092253442579        42524593.232751571        51119064.042210288        5611070.9633517470        2182089.7197797196        10477.391901415169        22.850294242829612     
   2.0765979457699064        40998913.957677253        50515170.112155043        5469164.4924668586        2146628.1018167953        10381.047697303666        22.512907136183284     
   2.0914889820188098        39520648.862221792        49909181.679426596        5330544.3158011697        2111656.0340515682        10285.498808242935        22.183887802698187     
   2.1065851206980488        38088601.581814691        49301356.575223841        5195138.2983705448        2077167.4477626404        10190.737823423357        21.862999671017633     
   2.1218891867961736        36701597.652962916        48691952.379050434        5062876.0009944830        2043156.3824508665        10096.757425196058        21.550014811187484     
   2.1374040442118591        35358484.196538627        48081226.069147997        4933688.6287804106        2009616.9818300046        10003.550384792185        21.244713596207262     
   2.1531325962898280        34058129.620138191        47469433.679882094        4807508.9816230536        1976543.4899780224        9911.1095583521874        20.946884376573504     
   2.1690777863641673        32799423.337677050        46856829.966752715        4684271.4066256816        1943930.2476406817        9819.4278832367108        20.656323167482526     
   2.1852425983091228        31581275.504615821        46243668.079846144        4563911.7523702811        1911771.6886856544        9728.4983746215130        20.372833348331518     
   2.2016300570974816        30402616.767092727        45630199.246231087        4446367.3249466131        1880062.3366972979        9638.3141223381463        20.096225374196891     
   2.2182432293666436        29262398.023508996        45016672.462002873        4331576.8456932642        1848796.8017187340        9548.8682880044544        19.826316498965145     
   2.2350852239924923        28159590.197052713        44403334.194435477        4219480.4105454199        1817969.7771225646        9460.1541023604350        19.562930509742685     
   2.2521591926711686        27093184.017867070        43790428.094846383        4110019.4509504782        1787576.0366179610        9372.1648628579769        19.305897472223723     
   2.2694683305088557        26062189.813487906        43178194.722490259        4003136.6962703043        1757610.4313832363        9284.8939314583095        19.055053486682105     
   2.2870158766196926        25065637.306441627        42566871.280027695        3898776.1376081775        1728067.8873198109        9198.3347326242347        18.810240454208341     
   2.3048051147319182        24102575.417813223        41956691.360819101        3796882.9930172018        1698943.4024308971        9112.4807515338016        18.571305852905180     
   2.3228393738023665        23172072.075774666        41347884.708405256        3697403.6740020746        1670232.0443074792        9027.3255324319598        18.338102523631605     
   2.3411220286394232        22273214.028078225        40740676.988384120        3600285.7532915962        1641928.9477320043        8942.8626771836589        18.110488465025547     
   2.3596565005345660        21405106.657669101        40135289.572977290        3505477.9338089405        1614029.3123871947        8859.0858439699823        17.888326637408305     
   2.3784462579026022        20566873.800535418        39531939.338342436        3412930.0187929422        1586528.4006680199        8775.9887461247981        17.671484775271075     
   2.3974948169307226        19757657.565113902        38930838.474870071        3322592.8830242576        1559421.5355943285        8693.5651511064880        17.459835207983094     
   2.4168057422364977        18976618.152505647        38332194.310423151        3234418.4451077855        1532704.0988198272        8611.8088795897875        17.253254688419776     
   2.4363826475349359        18222933.676939081        37736209.146645956        3148359.6407715231        1506371.5287363105        8530.7138046802793        17.051624229171043     
   2.4562291963147307        17495799.985915188        37143080.108311936        3064370.3971250886        1480419.3186633228        8450.2738512052565        16.854828945989638     
   2.4763491025238178        16794430.479520846        36552999.005611405        2982405.6078547072        1454843.0151285073        8370.4829951190386        16.662757908213191     
   2.4967461312643806        16118055.928519690        35966152.209376924        2902421.1093035755        1429638.2162300998        8291.3352629837682        16.475303995809085     
   2.5174240994974264        15465924.290824197        35382720.539084770        2824373.6574000735        1404800.5700786172        8212.8247315174995        16.292363762750909     
   2.5383868767570630        14837300.526018789        34802879.163459249        2748220.9054000559        1380325.7733160255        8134.9455272087898        16.113837306444612     
   2.5596383858746217        14231466.407699650        34226797.513577543        2673921.3824146423        1356209.5697126796        8057.6918260091898        15.939628142905889     
   2.5811826037127448        13647720.333343871        33654639.208116859        2601434.4726709616        1332447.7488297373        7981.0578530413231        15.769643087412165     
   2.6030235619095921        13085377.131616658        33086561.990702085        2530720.3954974622        1309036.1447560873        7905.0378823847595        15.603792140350851     
   2.6251653476332910        12543767.866900586        32522717.678905215        2461740.1859837961        1285970.6349075572        7829.6262368777725        15.441988378010988     
   2.6476121043467846        12022239.640991956        31963252.124701403        2394455.6762989527        1263247.1388924608        7754.8172879687509        15.284147848066507     
   2.6703680325832080        11520155.391900467        31408305.186065000        2328829.4776294213        1240861.6174358907        7680.6054555817755        15.130189469484758     
   2.6934373907319493        11036893.689716320        30858010.709350340        2264824.9627180086        1218810.0713643041        7606.9852080159671        14.980034936646538     
   2.7168244958355352        10571848.529555300        30312496.522121958        2202406.2489715903        1197088.5406450392        7533.9510618561899        14.833608627433287     
   2.7405337243974941        10124429.121630358        29771884.436112639        2141538.1821173709        1175693.1034807861        7461.4975819056535        14.690837515057916     
   2.7645695132013435        9694059.6784746628        29236290.259833995        2082186.3203796614        1154619.8754545813        7389.6193811235989        14.551651083447535     
   2.7889363601408572        9280179.1994494256        28705823.820588656        2024316.9191608874        1133865.0087266732        7318.3111205871428        14.415981245947775     
   2.8136388250617772        8882241.2526020445        28180588.995374639        1967896.9161930799        1113424.6912746311        7247.5675094334820        14.283762267158290     
   2.8386815306151059        8499713.7540261429        27660683.750350118        1912893.9171559741        1093295.1461840356        7177.3833048399038        14.154930687727312     
   2.8640691631221609        8132078.7448515622        27146200.188407082        1859276.1817229055        1073472.6309773091        7107.7533119727868        14.029425251891897     
   2.8898064734515385        7778832.1660381239        26637224.604487509        1807012.6100327624        1053953.4369884778        7038.6723839665729        13.907186837613143     
   2.9158982779081617        7439483.6311293282        26133837.548180331        1756072.7295554404        1034733.8887739494        6970.1354218791548        13.788158389116578     
   2.9423494591345700        7113556.1971697994        25636113.893251952        1706426.6823459407        1015810.3435646961        6902.1373746699501        13.672284851680168     
   2.9691649670246232        6800586.1339448290        25144122.913580570        1658045.2126564637        997179.19075000053        6834.6732391461537        13.559513108512798     
   2.9963498196497902        6500122.6917849071        24657928.365226395        1610899.6549054086        978836.85139970400        6767.7380599342041        13.449791919554958     
   3.0239091041981969        6211727.8681007102        24177588.574086126        1564961.9219742983        960779.77781521354        6701.3269294217371        13.343071862061624     
   3.0518479779266108        5934976.1728971265        23703156.528860033        1520204.4938307533        943004.45311518235        6635.4349877207451        13.239305272803293     
   3.0801716691255314        5669454.3934427770        23234679.978791766        1476600.4064497401        925507.39084589097        6570.0574225940436        13.138446191749559     
   3.1088854780975779        5414761.3583402950        22772201.535892576        1434123.2410321801        908285.13462222985        6505.1894693958293        13.040450307084408     
   3.1379947781493525        5170507.7011899641        22315758.781166546        1392747.1134983946        891334.25779169123        6440.8264109836309        12.945274901415582     
   3.1675050165969627        4936315.6240649130        21865384.374452408        1352446.6642449412        874651.36312003678        6376.9635776008608        12.852878799038574     
   3.1974217157853975        4711818.6610186147        21421106.167525645        1313197.0481557883        858233.08249857777        6313.5963467383845        12.763222314113619     
   3.2277504741219394        4496661.4417703869        20982947.319778401        1274973.9248356710        842076.07665751921        6250.7201428689450        12.676267199673779     
   3.2584969671238122        4290499.4558259016        20550926.416285131        1237753.4490673523        826177.03489090630        6188.3304370980723        12.591976597313783     
   3.2896669484802601        4092998.8169040801        20125057.586227264        1201512.2613843314        810532.67472454475        6126.4227462171084        12.510314987793580     
   3.3212662511292521        3903836.0281893266        19705350.622607943        1166227.4788264148        795139.74157224980        6064.9926314756485        12.431248142279014     
   3.3533007883490207        3722697.7461702279        19291811.090167876        1131876.6851301068        779995.00786657596        6004.0356931074730        12.354743077124226     
   3.3857765548646293        3549280.5455079614        18884440.430700332        1098437.9209401875        765095.27203587443        5943.5475632309663        12.280768011052929     
   3.4186996279697874        3383290.6679942445        18483235.970902663        1065889.6686033406        750437.35348220286        5883.5238668619559        12.209292348562601     
   3.4520761686641102        3224443.7831642320        18088190.967515081        1034210.8396042710        736018.08898945723        5823.9601918635844        12.140286663736786     
   3.4859124228060510        3072464.7365250369        17699294.554571450        1003380.7569208352        721834.32505589002        5764.8520240454091        12.073722707523919     
   3.5202147222817048        2927088.1845472041        17316536.890693430        973379.43048143596        707883.12265292648        5706.1963879554623        12.009571920998726     
   3.5549894861897147        2788063.7428636542        16939942.525636587        944189.39145815757        694163.12134127272        5648.0029997005395        11.947794947760819     
   3.5902432220425005        2655132.1088234941        16569429.342823552        915787.76979440835        680668.76380645228        5590.2476282426078        11.888383433548166     
   3.6259825269840276        2528054.4162881281        16204980.812196370        888156.01402963989        667397.32042993698        5532.9283366215668        11.831311894553654     
   3.6622140890243546        2406599.7063515945        15846576.916635586        861275.92875087610        654346.07386884897        5476.0432115978010        11.776554244979399     
   3.6989446882911765        2290544.2604146628        15494191.054708378        835129.49558092887        641512.18551734765        5419.5892335464587        11.724086085661096     
   3.7361811982986195        2179671.7869860097        15147792.257898137        809698.98829821742        628892.78006900253        5363.5629306690334        11.673884174286849     
   3.7739305872334969        2073773.3851586729        14807346.250402607        784967.01988468517        616484.98344149813        5307.9606768045342        11.625926059968544     
   3.8121999192592906        1972647.4048550352        14472815.932190476        760916.55642320099        604285.93737515807        5252.7788069671578        11.580189892893310     
   3.8509963558380922        1876099.2710196879        14144161.644771039        737530.91870941094        592292.80526921293        5198.0136639314378        11.536654303556311     
   3.8903271570707467        1783941.2963060474        13821341.354051150        714793.77932154515        580502.77472100896        5143.6616188053285        11.495298306240553     
   3.9301996830554602        1695992.4910140825        13504310.798344893        692689.15790773975        568913.05872444389        5089.7190810193115        11.456101209725626     
   3.9706213952651184        1612078.3736726732        13193023.620001966        671201.41575138143        557520.89628267998        5036.1825037065228        11.419042528380023     
   4.0115998579435779        1532030.7836869012        12887431.488145849        650315.25004788814        546323.55274486099        4983.0483869305626        11.384101890574861     
   4.0531427395211832        1455687.6966983608        12587484.215714287        630015.68807600578        535318.31999746407        4930.3132797926255        11.351258942819449     
   4.0952578140497868        1382893.0430077121        12293129.872429851        610288.08136270603        524502.51658305549        4877.9737820063319        11.320493248545096     
   4.1379529626575344        1313496.5292400427        12004314.894393345        591118.09987858415        513873.48777306243        4826.0265451489604        11.291784180730144     
   4.1812361750236775        1247353.4633645113        11720984.190662822        572491.72629049583        503428.60561522824        4774.4682737609010        11.265110807681634     
   4.2251155508737206        1184324.5831411788        11443081.247020382        554395.25028113334        493165.26896347763        4723.2957263566859        11.240451771284842     
   4.2695993014951359        1124275.8880392525        11170548.226998210        536815.26294227852        483080.90349610389        4672.5057163991723        11.217785157071479     
   4.3146957512739768        1067078.4746540715        10903326.070174625        519738.65124237246        473172.96172326221        4622.0951132448890        11.197088355448788     
   4.3604133392526379        1012608.3756434800        10641354.587768335        503152.59257050999        463438.92298619560        4572.0608430832381        11.178337913399762     
   4.4067606207090906        960746.40218860796        10384572.555478835        487044.54935421614        453876.29344643391        4522.3998898525460        11.161509375982471     
   4.4537462687578504        911377.98998665239        10132917.803610373        471402.26375389885        444482.60606821504        4473.1092961645036        11.146577116895644     
   4.5013790759730092        864393.04876312311        9886327.3043697514        456213.75242603291        435255.42058736878        4424.1861641695468        11.133514157432840     
   4.5496679560336180        819685.81530254043        9644737.2564010788        441467.30135954614        426192.32347115001        4375.6276564049649        11.122291973063589     
   4.5986219453917299        777154.70997626311        9408083.1664580591        427151.46078007953        417290.92786440859        4327.4309965768816        11.112880286959943     
   4.6482502049634196        736702.19675350876        9176299.9282400608        413255.04012070043        408548.87352083239        4279.5934702577242        11.105246849722018     
   4.6985620218430970        698234.64667092846        8949321.8983472399        399767.10305832961        399963.82671857049        4232.1124254853885        11.099357204629099     
   4.7495668110414311        661662.20473610109        8727082.9693530127        386676.96261344751        391533.48015773343        4184.9852732296749        11.095174437734597     
   4.8012741172472087        626898.66023379215        8509516.6399556622        373974.17631145206        383255.55283785961        4138.2094876950569        11.092658912204884     
   4.8536936166134632        593861.32040634390        8296556.0822449690        361648.54140425479        375127.78991345625        4091.7826064264154        11.091767986298832     
   4.9068351185682051        562470.88747031707        8088134.2060428457        349690.09015201323        367147.96252694685        4045.7022301954075        11.092455714538662     
   4.9607085676500899        532651.33893406938        7884183.7203469286        338089.08516264422        359313.86761590157        3999.9660226159062        11.094672531654812     
   5.0153240453693737        504329.81117699051        7684637.1918933094        326836.01478940103        351623.32769398618        3954.5717094618299        11.098364919035816     
   5.0706917720944960        477436.48624875682        7489427.1008587657        315921.58858702681        344074.19060530001        3909.5170776615000        11.103475053563736     
   5.1268221089646495        451904.48184577632        7298485.8937423499        305336.73282515496        336664.32924975519        3864.7999739178704        11.109940438875158     
   5.1837255598286962        427669.74442048563        7111746.0334811192        295072.58606129600        329391.64128105907        3820.4183029455967        11.117693519306615     
   5.2414127732107838        404670.94537728734        6929140.0468636183        285120.49477357534        322254.04877662915        3776.3700252898693        11.126661277017678     
   5.2998945443030365        382849.38030762790        6750600.5693205167        275472.00905539247        315249.49788106204        3732.6531547169316        11.136764813075471     
   5.3591818169856973        362148.87121618493        6576060.3872010009        266118.87837463123        308375.95842555404        3689.2657551755929        11.147918913590987     
   5.4192856858750904        342515.67168711196        6405452.4776290189        257053.04739864689        301631.42352434603        3646.2059373142197        11.160031602397117     
   5.4802173983997893        323898.37494070677        6238710.0460933940        248266.65189007056        295013.90915397624        3603.4718545948790        11.173003682146405     
   5.5419883569053852        306247.82472724246        6075766.5618986115        239752.01467492312        288521.45371754706        3561.0616990071635        11.186728266209879     
   5.6046101207882471        289517.02900566813        5916555.7916532159        231501.64168848371        282152.11760130897        3518.9736964491253        11.201090304274761     
   5.6680944086586642        273661.07635175978        5761011.8309466792        223508.21810081095        275903.98272732599        3477.2061018053255        11.215966105160337     
   5.7324531005337906        258637.05504154606        5609069.1344180144        215764.60452754755        269775.15211107774        3435.7571938204815        11.231222861008094     
   5.7976982400607886        244403.97475246014        5460662.5443791179        208263.83332749241        263763.74942858604        3394.6252698219764        11.246718177769182     
   5.8638420367705972        230922.69082507613        5315727.3181823893        200999.10499199483        257867.91860270873        3353.8086404156975        11.262299617721265     
   5.9308968683627326        218155.83102722961        5174199.1545165470        193963.78462679932        252085.82341351625        3313.3056242289867        11.277804260602970     
   5.9988752830215795        206067.72476023357        5036014.2187761888        187151.39852957410        246415.64714157413        3273.1145428333284        11.293058290985096     
   6.0677900017645614        194624.33464833256        4901109.1676834458        180555.63086332002        240855.59224977769        3233.2337159481835        11.307876620444439     
   6.1376539208226708        183793.19044823595        4769421.1732311696        174170.32042421008        235403.88010767786        3193.6614570129877        11.322062554337551     
   6.2084801140537831        173543.32522333245        4640887.9461925561        167989.45750757889        230058.75076959410        3154.3960693217141        11.335407513863382     
   6.2802818353892027        163845.21370595889        4515447.7588737076        162007.18085536663        224818.46279060494        3115.4358425540322        11.347690825996127     
   6.3530725213139227        154670.71282708767        4393039.4682274945        156217.77471988607        219681.29313495193        3076.7790505056032        11.358679593154644     
   6.4268657933810278        145993.00424609205        4273602.5364201032        150615.66593496763        214645.53703263091        3038.4239480799138        11.368128660914119     
   6.5016754607607465        137786.53910036449        4157077.0567269698        145195.42126980127        209709.50817774358        3000.3687731123309        11.375780688906161     
   6.5775155228246014        130026.98417957664        4043403.7632965762        139951.74430373733        204871.53819030797        2962.6117378354852        11.381366369939748     
   6.6544001717651557        122691.17140387950        3932524.0827863631        134879.47384499319        200129.97826724499        2925.1510518823757        11.384604737678574     
   6.7323437952518450        115757.04544939066        3824380.0701693967        129973.57842776255        195483.19503237511        2887.9848614022862        11.385203789745493     
   6.8113609791233873        109203.62289665459        3718914.6563879442        125229.16156046676        190929.58234824584        2851.1114222879123        11.382860881314574     
   6.8914665101172785        103010.92747340632        3616071.0463048648        120641.43822603188        186467.52971832280        2814.5286307878209        11.377264421846215     
   6.9726753786368816        97159.994538689323        3515794.4208243922        116205.78888402769        182095.50919664689        2778.2353285776012        11.368092838070513     
   7.0550027815566230        91632.699169321175        3418027.3760098531        111917.60502241505        177811.83902323677        2742.2277160545991        11.355021625185541     
   7.1384641250658438        86412.055100408557        3322722.3746821554        107772.69588601029        173615.32953033506        2706.5092624790582        11.337709855667546     
   7.2230750275517970        81481.278024243773        3229807.9594662134        103766.18454621041        169503.52076546816        2671.0633754315968        11.315841635669829     
   7.3088513225223721        76826.112792563523        3139280.6474389089        99895.471484965223        165477.49527509866        2635.9288538438882        11.289025036060954     
   7.3958090615690706        72428.557448829248        3050955.1172649949        96152.244829691495        161528.73541902841        2600.9916029774263        11.257060930785260     
   7.4839645173707900        68277.046066182316        2964875.3269341956        92535.608875230770        157660.76001809153        2566.3278456652115        11.219583642151726     
   7.5730264667357421        64357.565317121043        2880665.3503029994        89034.655998412811        153852.40382838735        2531.5154931968823        11.176995145192773     
   7.6623919552917465        60718.646291092009        2800542.1884625982        85720.751632122381        150219.34202886443        2498.3082814214072        11.127931785580897     
   7.7517574438477510        57257.287310331143        2720241.3926577228        82462.358141882258        146532.99613292303        2462.8681300360654        11.075287615036704     
   7.8411229324037572        53962.816184566647        2639773.6256432966        79258.352885005239        142794.49087403875        2425.1921620409757        11.020928223748916     
