  0.99980701125948346        1230769229917.1599        0.0000000000000000       0.11379377013228500        824.55000000848293        6.6435092660546975E-007   8.1434765920758176E-010
   1.0000000000000000        1230769229917.1599        0.0000000000000000       0.11379377013228500        824.54846823507171        7.0566672382855690E-007   8.7351620336223527E-010
   1.0001929887405165        1113165395633.3152       -1176.6664832166723       0.11217386877702536        898.67666892361035        6.7881702614198104E-007   9.3096057302076921E-010
   1.0003859774810331        964595052993.10632        114.50918178313911       0.10877602843578806        1005.6702002254265        6.2267952521817624E-007   9.7268732582324929E-010
   1.0005789662215496        848143037300.25427        41.382293793888365       0.10595019891232826        1114.0275092385164        5.7574549040861537E-007   1.0122753962284116E-009
   1.0007719549620662        761869161786.14880        48.375422609515653       0.10343237497308373        1210.6967624604349        5.4097908107027877E-007   1.0479427281475399E-009
   1.0009649437025827        695717862220.29321        42.694675376138917       0.10116160315655617        1296.6957032312512        5.1470883379742581E-007   1.0807735883104655E-009
   1.0011579324430993        641881077765.62354        45.285436194740953        9.9076337819092780E-002   1376.4715162872876        4.9328880601451132E-007   1.1115456695969710E-009
   1.0013509211836158        596318969611.03113        46.604144600362822        9.7147896642271345E-002   1452.7904945568669        4.7486894740598174E-007   1.1408044775598738E-009
   1.0015439099241323        557050888693.37451        49.248811239246471        9.5352043089190236E-002   1526.4398801673876        4.5869843151289176E-007   1.1687812763130255E-009
   1.0017368986646489        522876632667.66870        51.682768224901011        9.3671357318889384E-002   1597.5281427863540        4.4440411812422860E-007   1.1956325853581369E-009
   1.0019298874051654        492872898015.96417        54.314070734571310        9.2091131461226605E-002   1666.1733394971436        4.3168583690254326E-007   1.2214833940550987E-009
   1.0021228761456820        466296658635.67255        56.953982353385697        9.0599530755543070E-002   1732.5960927400170        4.2027919071151390E-007   1.2464483769516663E-009
   1.0023158648861985        442562602654.84259        59.663316270732707        8.9186716273374836E-002   1797.0308086707121        4.0996681611040545E-007   1.2706245004503598E-009
   1.0025088536267150        421214499314.50757        62.404522121309668        8.7844510909459245E-002   1859.6779843955526        4.0057802360132508E-007   1.2940928159214679E-009
   1.0027018423672316        401892908748.01581        65.177233219608823        8.6566001809382134E-002   1920.7012302858814        3.9197853205225702E-007   1.3169208607502991E-009
   1.0028948311077481        384309809231.64325        67.970488850590343        8.5345293951478080E-002   1980.2374274260053        3.8406066074000316E-007   1.3391659433148394E-009
   1.0030878198482647        368230891503.63672        70.780859633293900        8.4177308554846481E-002   2038.4042648132815        3.7673647542135346E-007   1.3608772785995698E-009
   1.0032808085887812        353463262018.84229        73.604481920963551        8.3057636330445550E-002   2095.3044016868212        3.6993324379239148E-007   1.3820975728496549E-009
   1.0034737973292978        339846523563.28253        76.439194866049476        8.1982420934271341E-002   2151.0280260279424        3.6359020686261025E-007   1.4028641618463763E-009
   1.0036667860698143        327246100890.63000        79.283223944671761        8.0948267950061381E-002   2205.6548378087114        3.5765616126653383E-007   1.4232099151957525E-009
   1.0038597748103308        315548156581.67993        82.135376927570292        7.9952171888388102E-002   2259.2556843222064        3.5208760484267408E-007   1.4431639518982182E-009
   1.0040527635508476        304655674468.39880        84.994770393600646        7.8991457427584261E-002   2311.8939003134383        3.4684730207684237E-007   1.4627522176539074E-009
   1.0042457522913641        294485409298.11145        87.860789632345430        7.8063731506605338E-002   2363.6263962818384        3.4190316402288868E-007   1.4819979516798165E-009
   1.0044387410318807        284965485519.00336        90.733001072389882        7.7166843971653701E-002   2414.5045480448607        3.3722736474139161E-007   1.5009220685831167E-009
   1.0046317297723972        276033487795.89032        93.611110737516654        7.6298854963612051E-002   2464.5749313776646        3.3279563700930536E-007   1.5195434732591297E-009
   1.0048247185129138        267634928461.83795        96.494926038201513        7.5458007696399446E-002   2513.8799347069689        3.2858670560487159E-007   1.5378793228158640E-009
   1.0050177072534303        259722007045.08359        99.384330472559185        7.4642705575304655E-002   2562.4582741801141        3.2458182738564301E-007   1.5559452460801488E-009
   1.0052106959939469        252252598370.11844        102.27926369407741        7.3851492841410210E-002   2610.3454294783037        3.2076441512300527E-007   1.5737555287476863E-009
   1.0054036847344634        245189421147.40009        105.17970743647038        7.3083038101647319E-002   2657.5740147082643        3.1711972763720593E-007   1.5913232705859699E-009
   1.0055966734749799        238499350254.74954        108.08567408651950        7.2336120236997897E-002   2704.1740957899833        3.1363461282842415E-007   1.6086605196589627E-009
   1.0057896622154965        232152844285.25723        110.99719877306721        7.1609616283393851E-002   2750.1734636551623        3.1029729322027610E-007   1.6257783875924311E-009
   1.0059826509560130        226123466230.26706        113.91433264935360        7.0902490959137782E-002   2795.5978707257368        3.0709718591366087E-007   1.6426871490601249E-009
   1.0061756396965296        220387479933.15204        116.83713874685769        7.0213787574609623E-002   2840.4712366455351        3.0402475059542146E-007   1.6593963281023179E-009
   1.0063686284370461        214923508586.13327        119.76568764632816        6.9542620108339809E-002   2884.8158279911349        3.0107136057201135E-007   1.6759147733424801E-009
   1.0065616171775629        209712244332.85150        122.70005524896816        6.8888166272286680E-002   2928.6524158397065        2.9822919281937269E-007   1.6922507238542658E-009
   1.0067546059180803        204736200202.62305        125.64032026623518        6.8249661420275262E-002   2972.0004143883552        2.9549113382317853E-007   1.7084118671036949E-009
   1.0069475946586002        199979497291.29260        128.58656338896299        6.7626393178184793E-002   3014.8780032984309        2.9285069859701240E-007   1.7244053901556977E-009
   1.0071405833991305        195427681426.67944        131.53886353331222        6.7017696693634568E-002   3057.3022361141270        2.9030196074324496E-007   1.7402380251763787E-009
   1.0073335721397023        191067564637.56900        134.49730412333051        6.6422950423017171E-002   3099.2891364966308        2.8783949183782429E-007   1.7559160901156039E-009
   1.0075265608804398        186887087502.10001        137.46195167714555        6.5841572376792487E-002   3140.8537846396121        2.8545830861226677E-007   1.7714455252259375E-009
   1.0077195496218394        182875199389.06982        140.43290894424092        6.5273016782261828E-002   3182.0103929718648        2.8315382704859518E-007   1.7868319265268692E-009
   1.0079125383658891        179021753404.80945        143.41015642865540        6.4716771058552974E-002   3222.7723790501027        2.8092182159474142E-007   1.8020805759443406E-009
   1.0081055271205381        175317415286.29266        146.39393903507749        6.4172353200916923E-002   3263.1524184973869        2.7875839101126800E-007   1.8171964725147354E-009
   1.0082985159175841        171753580430.41385        149.38354868682617        6.3639309142986697E-002   3303.1625311682064        2.7665992438192354E-007   1.8321843605330453E-009
   1.0084915048842189        168322307559.18982        152.38006755695324        6.3117211053814959E-002   3342.8140648889639        2.7462308436740829E-007   1.8470487908096197E-009
   1.0086844945292077        165016237582.03232        155.37700762274127        6.2605653575020473E-002   3382.1180086301574        2.7264476545501679E-007   1.8617942094389705E-009
   1.0088774868876142        161828568319.06638        158.38047516927494        6.2104254490406983E-002   3421.0845640752273        2.7072217011019688E-007   1.8764254422058656E-009
   1.0090704900996903        158752845824.71054        161.34461651405772        6.1612635339012206E-002   3459.7256059608512        2.6885271246419006E-007   1.8909489400335457E-009
   1.0092635367264455        155783041833.93890        164.37227462658899        6.1130413685543047E-002   3498.0520095308980        2.6703493994071781E-007   1.9053789800072328E-009
   1.0094567570119168        152911896855.87256        167.60516131398134        6.0656952106961599E-002   3536.0964655008488        2.6526864138214372E-007   1.9197569041638877E-009
   1.0096506719322513        150126582720.36465        170.67141260813602        6.0190675551561601E-002   3573.9795251029968        2.6354904248972271E-007   1.9341512229426405E-009
   1.0098461827806329        147410964509.90622        173.50689460561213        5.9729281327404862E-002   3611.8817701406660        2.6186457818898917E-007   1.9486139650505198E-009
   1.0100439382900885        144754209957.09775        176.56910375919998        5.9271168687854522E-002   3649.9239714003920        2.6020531202787624E-007   1.9631599879997857E-009
   1.0102441174427146        142152454126.21445        179.82209638666077        5.8815919275952214E-002   3688.1407279176742        2.5856786191327478E-007   1.9777919089786562E-009
   1.0104467499420895        139604247172.04498        183.06847091691728        5.8363531802956656E-002   3726.5352467269413        2.5695177751493597E-007   1.9925137265287130E-009
   1.0106518658558312        137108185302.73514        186.34210487654428        5.7913981166711384E-002   3765.1093668616800        2.5535661600284760E-007   2.0073289426128681E-009
   1.0108594956200589        134662842714.95946        189.66415539039406        5.7467231366427347E-002   3803.8661521514596        2.5378181658702063E-007   2.0222411685102625E-009
   1.0110696700439095        132266901664.27246        193.03417118762249        5.7023248233235423E-002   3842.8071271163603        2.5222694274341747E-007   2.0372545237437198E-009
   1.0112824203141091        129919211349.46568        196.45466090428454        5.6581997541239201E-002   3881.9300955971862        2.5069180738544803E-007   2.0523736246228420E-009
   1.0114977779996004        127618764656.92931        199.92591533477983        5.6143445737792792E-002   3921.2293270361160        2.4917644739847070E-007   2.0676038179843116E-009
   1.0117157750562282        125364581739.95996        203.44878828393846        5.5707559411106736E-002   3960.6986760627674        2.4768091093176427E-007   2.0829515439021153E-009
   1.0119364438314795        123155578953.19649        207.02403726243341        5.5274305631676603E-002   4000.3358170619067        2.4620499694916086E-007   2.0984248114511602E-009
   1.0121598170692847        120990517670.02484        210.65272945279619        5.4843652453446183E-002   4040.1445381731046        2.4474813484410960E-007   2.1140336289947442E-009
   1.0123859279148750        118868062054.61638        214.33603537327508        5.4415569492832688E-002   4080.1336325950297        2.4330947806225569E-007   2.1297903426860885E-009
   1.0126148099197028        116786891563.59622        218.07512360608780        5.3990028198744280E-002   4120.3135694403254        2.4188812008457779E-007   2.1457099536437604E-009
   1.0128464970464177        114745789907.86612        221.87105421595984        5.3567001770251831E-002   4160.6933749032360        2.4048327973732326E-007   2.1618105487892344E-009
   1.0130810236739081        112743671135.10130        225.72479733804451        5.3146464851270246E-002   4201.2793063972686        2.3909436848273855E-007   2.1781139400503176E-009
   1.0133184246024005        110779555496.94072        229.63729681661337        5.2728393206023849E-002   4242.0752550994894        2.3772095493116548E-007   2.1946465310928765E-009
   1.0135587350586259        108852530228.03310        233.60952826530496        5.2312763495125029E-002   4283.0838594089446        2.3636269291906516E-007   2.2114403870605064E-009
   1.0138019907010445        106961720794.60606        237.64251738208611        5.1899553166619067E-002   4324.3074236251368        2.3501926608624826E-007   2.2285344903501182E-009
   1.0140482276251381        105106278484.76544        241.73733167310664        5.1488740416670946E-002   4365.7483343211579        2.3369036390254869E-007   2.2459761975449827E-009
   1.0142974823687660        103285378337.43102        245.89506603949579        5.1080304173266665E-002   4407.4091127754655        2.3237567885105851E-007   2.2638229399304482E-009
   1.0145497919175868        101498220183.29405        250.11683401851462        5.0674224078783359E-002   4449.2923407649523        2.3107491040791253E-007   2.2821442215390162E-009
   1.0148051937105456        99744029170.043137        254.40376604034054        5.0270480466756841E-002   4491.4005975312857        2.2978776811284400E-007   2.3010239704753287E-009
   1.0150637256454302        98022055248.690842        258.75701011345808        4.9869054335697167E-002   4533.7364357623910        2.2851397240822087E-007   2.3205632997941622E-009
   1.0153254260844953        96331572194.295380        263.17773352241318        4.9469927322927397E-002   4576.3023780376607        2.2725325437719978E-007   2.3408837379357319E-009
   1.0155903338601533        94671876620.841171        267.66712221690858        4.9073081679201991E-002   4619.1009155668025        2.2600535537670126E-007   2.3621309956442910E-009
   1.0158584882807373        93042287121.520462        272.22638192981611        4.8678500244162842E-002   4662.1345029617296        2.2477002687314134E-007   2.3844793446437307E-009
   1.0161299291363335        91442143508.861664        276.85673656255750        4.8286166422208739E-002   4705.4055494934710        2.2354703044564962E-007   2.4081366924446230E-009
   1.0164046967046858        89870806116.726166        281.55942898464281        4.7896064158526881E-002   4748.9164080448809        2.2233613787750666E-007   2.4333504466107766E-009
   1.0166828317571726        88327655151.697952        286.33571957388261        4.7508177915266354E-002   4792.6693620601773        2.2113713131926988E-007   2.4604142714128249E-009
   1.0169643755648556        86812090094.800461        291.18688625650810        4.7122492647579624E-002   4836.6666100355751        2.1994980353180345E-007   2.4896758493215369E-009
   1.0172493699046055        85323529156.407379        296.11422303851691        4.6738993779491214E-002   4880.9102470269918        2.1877395822838748E-007   2.5215457698521781E-009
   1.0175378570652993        83861408785.369370        301.11903932946876        4.6357667179352413E-002   4925.4022426010551        2.1760941052701324E-007   2.5565076779956337E-009
   1.0178298798540968        82425183232.639404        306.20265798628708        4.5978499134702165E-002   4970.1444146938002        2.1645598752662296E-007   2.5951298240447828E-009
   1.0181254816027909        81014324169.956055        311.36641394235602        4.5601476326310932E-002   5015.1383987165709        2.1531352901918774E-007   2.6380781651352370E-009
   1.0184247061742397        79628320364.555359        316.61165144652637        4.5226585801173995E-002   5060.3856112208778        2.1418188835614678E-007   2.6861311761409845E-009
   1.0187275979688728        78266677411.181824        321.93972193640428        4.4853814944232032E-002   5105.8872072714757        2.1306093348466968E-007   2.7401965323751186E-009
   1.0190342019312810        76928917522.670380        327.35197987467342        4.4483151448441782E-002   5151.6440306136847        2.1195054817340810E-007   2.8013298283606332E-009
   1.0193445635568845        75614579380.679703        332.84977971778665        4.4114583282970896E-002   5197.6565555994930        2.1085063344787521E-007   2.8707554941026232E-009
   1.0196587288986849        74323218048.077805        338.43447017030718        4.3748098659136363E-002   5243.9248197455008        2.0976110925853869E-007   2.9498900613841576E-009
   1.0199767445740981        73054404944.501221        344.10738930546199        4.3383685993659854E-002   5290.4483456374182        2.0868191640373979E-007   3.0403679152613178E-009
   1.0202986577718709        71807727886.533463        349.86985735160118        4.3021333868946465E-002   5337.2260508680747        2.0761301873563280E-007   3.1440696381310436E-009
   1.0206245162590846        70582791193.526489        355.72316917512006        4.2661030989814802E-002   5384.2561444664816        2.0655440567123367E-007   3.2631530113128066E-009
   1.0209543683882421        69379215859.772049        361.66858474661444        4.2302766136244778E-002   5431.5360082658017        2.0550609503657262E-007   3.4000866793944261E-009
   1.0212882631044422        68196639793.108345        367.70731889364134        4.1946528111664147E-002   5479.0620615398348        2.0446813626973427E-007   3.5576864000630647E-009
   1.0216262499526436        67034718119.061729        373.84052856120024        4.1592305686210258E-002   5526.8296071575342        2.0344061400575959E-007   3.7391536916666696E-009
   1.0219683790850154        65893123548.313423        380.06929871103961        4.1240087534323976E-002   5574.8326575923393        2.0242365206974241E-007   3.9481165468370449E-009
   1.0223147012683793        64771546803.945427        386.39462606717939        4.0889862166203453E-002   5623.0637389726935        2.0141741788973843E-007   4.1886716941006512E-009
   1.0226652678917434        63669697102.529243        392.81740042019447        4.0541617852464663E-002   5671.5136717117912        2.0042212734749720E-007   4.4654276566861849E-009
   1.0230201309739266        62587302680.670891        399.33838354157314        4.0195342541388297E-002   5720.1713262907324        1.9943805006644411E-007   4.7835475669132831E-009
   1.0233793431712774        61524111355.306717        405.95818545950368        3.9851023768220181E-002   5769.0233532454622        1.9846551513043655E-007   5.1487903423599610E-009
   1.0237429577854882        60479891102.135643        412.67723796846070        3.9508648556022763E-002   5818.0538868839349        1.9750491720878794E-007   5.5675484084418668E-009
   1.0241110287715030        59454430631.744202        419.49576505953286        3.9168203307600881E-002   5867.2442230266815        1.9655672304455354E-007   6.0468796600175170E-009
   1.0244836107455253        58447539937.322411        426.41375055158636        3.8829673688172188E-002   5916.5724720598282        1.9562147823732038E-007   6.5945307939919471E-009
   1.0248607589931211        57459050781.522629        433.43090285374154        3.8493044498666841E-002   5966.0131898834916        1.9469981422149340E-007   7.2189485257687557E-009
   1.0252425294774232        56488817082.551903        440.54661710642762        3.8158299539722877E-002   6015.5369910222616        1.9379245530515556E-007   7.9292745463130162E-009
   1.0256289788474342        55536715151.479805        447.75993451634520        3.7825421466630600E-002   6065.1101501698377        1.9290022558984178E-007   8.7353194178755048E-009
   1.0260201644464335        54602643724.378448        455.06950117481483        3.7494391636092098E-002   6114.6942009152854        1.9202405554294750E-007   9.6475100011326542E-009
   1.0264161443204851        53686523724.009659        462.47352428784416        3.7165189945846000E-002   6164.2455432952029        1.9116498794099853E-007   1.0676804532020106E-008
   1.0268169772270521        52788297677.603973        469.96973040802641        3.6837794668850621E-002   6213.7150749920675        1.9032418283946405E-007   1.1834569224018679E-008
   1.0272227226437145        51907928710.330780        477.55532420991415        3.6512182284454978E-002   6263.0478646197298        1.8950292116841916E-007   1.3132410396594286E-008
   1.0276334407769947        51045399029.146027        485.22695153609220        3.6188327309459478E-002   6312.1828891593468        1.8870260649419872E-007   1.4581956771479308E-008
   1.0280491925712916        50200707810.591805        492.98066824945943        3.5866202132976685E-002   6361.0528611864438        1.8792476443780648E-007   1.6194587907370275E-008
   1.0284700397179241        49373868409.938759        500.81191776554493        3.5545776859740918E-002   6409.5841746195256        1.8717103920676099E-007   1.7981106922643298E-008
   1.0288960446642841        48564904819.483376        508.71552022171846        3.5227019167375175E-002   6457.6969999843632        1.8644318668820631E-007   1.9951358821409522E-008
   1.0293272706231043        47773847322.624535        516.68567651042781        3.4909894183933886E-002   6505.3055609499916        1.8574306357340416E-007   2.2113799949504946E-008
   1.0297637815818370        47000727318.810326        524.71599102504956        3.4594364392839402E-002   6552.3186226393618        1.8507261204918517E-007   2.4475029311844992E-008
   1.0302056423121484        46245571333.251762        532.79951526465413        3.4280389572737560E-002   6598.6402184299786        1.8443383971401891E-007   2.7039298466283465E-008
   1.0306529183795310        45508394274.646317        540.92881641692588        3.3967926780101472E-002   6644.1706348849812        1.8382879455093913E-007   2.9808023032527516E-008
   1.0311056761530322        44789192062.541939        549.09607207690590        3.3656930382376486E-002   6688.8076640076333        1.8325953502893451E-007   3.2779324872507909E-008
   1.0315639828151018        44087933810.348885        557.29319197325196        3.3347352148697655E-002   6732.4481179951053        1.8272809569659880E-007   3.5947638837229701E-008
   1.0320279063715607        43404553816.026726        565.51196703725566        3.3039141404244389E-002   6774.9895846778072        1.8223644896887867E-007   3.9303420648712352E-008
   1.0324975156616940        42738943673.505013        573.74424187966520        3.2732245252504288E-002   6816.3323825993311        1.8178646415850837E-007   4.2832991986527863E-008
   1.0329728803684628        42090944866.754112        581.98210828760409        3.2426608867513862E-002   6856.3816550373003        1.8137986514896775E-007   4.6518554407920782E-008
   1.0334540710288467        41460342236.972710        590.21811103099208        3.2122175855317001E-002   6895.0495238690473        1.8101818839406165E-007   5.0338394952650674E-008
   1.0339411590443082        40846858714.882301        598.44546042067964        3.1818888680792849E-002   6932.2572095827072        1.8070274313292829E-007   5.4267293435070939E-008
   1.0344342166913889        40250151679.407288        606.65823961441356        3.1516689152728830E-002   6967.9370149433962        1.8043457578157367E-007   5.8277125460894545E-008
   1.0349333171324351        39669811239.690643        614.85159888607245        3.1215518956773082E-002   7002.0340688515325        1.8021444038639016E-007   6.2337637817261253E-008
   1.0354385344264514        39105360642.042488        623.02192493978760        3.0915320223104545E-002   7034.5077346725639        1.8004277678465628E-007   6.6417356236401019E-008
   1.0359499435400927        38556258883.879242        631.16697759991700        3.0616036113315818E-002   7065.3326038395926        1.7991969772589792E-007   7.0484571965039504E-008
   1.0364676203587864        38021905484.255272        639.28598641547546        3.0317611409740725E-002   7094.4990196499730        1.7984498570011046E-007   7.4508345135495574E-008
   1.0369916416979927        37501647227.787697        647.37970226546747        3.0019993089917738E-002   7122.0131054637477        1.7981809963485134E-007   7.8459460945084875E-008
   1.0375220853146037        36994786579.751534        655.45040299754771        2.9723130869529758E-002   7147.8963029964107        1.7983819102742979E-007   8.2311279453880614E-008
   1.0380590299184811        36500591376.486633        663.50185383275698        2.9426977698753746E-002   7172.1844568899642        1.7990412853431244E-007   8.6040430694583514E-008
   1.0386025551841354        36018305335.620720        671.53922683334417        2.9131490199304153E-002   7194.9265077731725        1.8001452958776993E-007   8.9627322034300443E-008
   1.0391527417625481        35547158908.964928        679.56898597530551        2.8836629032530873E-002   7216.1828756132536        1.8016779730178247E-007   9.3056442180464947E-008
   1.0397096712931400        35086380016.285110        687.59874505981475        2.8542359192224444E-002   7236.0236266549027        1.8036216077362503E-007   9.6316463490005634E-008
   1.0402734264158839        34635204245.475845        695.63710777209678        2.8248650219208110E-002   7254.5265204088219        1.8059571688316416E-007   9.9400159277038918E-008
   1.0408440907835681        34192884175.928627        703.69349800958491        2.7955476338055230E-002   7271.7750289213845        1.8086647182749165E-007   1.0230416421648337E-007
   1.0414217490742099        33758697567.395447        711.77798872633514        2.7662816519075102E-002   7287.8564101239945        1.8117238086148625E-007   1.0502861295284964E-007
   1.0420064870036183        33331954247.050884        719.90113629181565        2.7370654471075669E-002   7302.8599025916656        1.8151138501819494E-007   1.0757669471175940E-007
   1.0425983913381154        32912001614.319183        728.07382585221433        2.7078978572139537E-002   7316.8750924003789        1.8188144391441442E-007   1.0995416062970218E-007
   1.0431975499074095        32498228760.089821        736.30713181747365        2.6787781746769511E-002   7329.9904858118853        1.8228056407566270E-007   1.1216881659578017E-007
   1.0438040516176288        32090069260.182930        744.61219601328128        2.6497061298327164E-002   7342.2923056560594        1.8270682251485861E-007   1.1423002868011033E-007
   1.0444179864645127        31687002750.593731        753.00012555668184        2.6206818705845528E-002   7353.8635156047476        1.8315838555697967E-007   1.1614826171706056E-007
   1.0450394455467666        31288555423.915890        761.48190873665021        2.5917059393818206E-002   7364.7830654256504        1.8363352310308802E-007   1.1793466509366267E-007
   1.0456685210795800        30894299604.250095        770.06835151582823        2.5627792483125782E-002   7375.1253421503106        1.8413061867782929E-007   1.1960071390034311E-007
   1.0463053064083081        30503852563.564529        778.77002922041356        2.5339030530335437E-002   7384.9598065267792        1.8464817569926694E-007   1.2115790862555899E-007
   1.0469498960223249        30116874738.835533        787.59725591253175        2.5050789261671116E-002   7394.3507910775006        1.8518482046506829E-007   1.2261753272530795E-007
   1.0476023855690426        29733067498.848297        796.56006587542129        2.4763087307056359E-002   7403.3574348455959        1.8573930236176650E-007   1.2399046460062572E-007
   1.0482628718681042        29352170594.614090        805.66820807494082        2.4475945938568576E-002   7412.0337303332844        1.8631049179516527E-007   1.2528703873525272E-007
   1.0489314529257519        28973959410.079899        814.93114937386360        2.4189388816804935E-002   7420.4286595065823        1.8689737630660427E-007   1.2651694975469949E-007
   1.0496082279493675        28598242111.694248        824.35808657476161        2.3903441747788332E-002   7428.5863978715524        1.8749905529722062E-007   1.2768919283143098E-007
   1.0502932973621941        28224856777.613491        833.95796361972225        2.3618132452297432E-002   7436.5465680840261        1.8811473373079477E-007   1.2881203397462503E-007
   1.0509867628182381        27853668570.810818        843.73949476684061        2.3333490348908970E-002   7444.3445272083281        1.8874371513486444E-007   1.2989300418211489E-007
   1.0516887272173518        27484567005.356033        853.71118987891703        2.3049546351471394E-002   7452.0116742893724        1.8938539416691202E-007   1.3093891203788879E-007
   1.0523992947205041        27117463342.077660        863.88138311723571        2.2766332681262304E-002   7459.5757673238722        1.9003924896420018E-007   1.3195587003871517E-007
   1.0531185707652342        26752288138.773960        874.25826249049817        2.2483882693816012E-002   7467.0612409504447        1.9070483345335611E-007   1.3294933066255133E-007
   1.0538466620812983        26388988970.798378        884.84990006602663        2.2202230720003348E-002   7474.4895180648400        1.9138176975497822E-007   1.3392412886734468E-007
   1.0545836767065064        26027528330.446091        895.66428278180842        2.1921411920857472E-002   7481.8793102761929        1.9206974078665518E-007   1.3488452835335588E-007
   1.0553297240027539        25667881707.560173        906.70934228624390        2.1641462155423053E-002   7489.2469035204713        1.9276848313881864E-007   1.3583426948051027E-007
   1.0560849146722480        25310035849.150600        917.99298458594524        2.1362417860793913E-002   7496.6064262946238        1.9347778027313364E-007   1.3677661721057588E-007
   1.0568493607739358        24953987192.399590        929.52311848029785        2.1084315943485775E-002   7503.9700989710991        1.9419745607520574E-007   1.3771440786413018E-007
   1.0576231757401311        24599740462.896206        941.30768306893458        2.0807193681222410E-002   7511.3484633866447        1.9492736877655969E-007   1.3865009381197185E-007
   1.0584064743933468        24247307428.215218        953.35467390349106        2.0531088634223378E-002   7518.7505924998213        1.9566740524789710E-007   1.3958578549475571E-007
   1.0591993729633318        23896705795.903404        965.67216825323294        2.0256038565111788E-002   7526.1842804093249        1.9641747565726870E-007   1.4052329039324443E-007
   1.0600019891043189        23547958244.311283        978.26834841998482        1.9982081366536932E-002   7533.6562133280258        1.9717750847757630E-007   1.4146414873078076E-007
   1.0608144419124823        23201091574.582802        991.15152486198792        1.9709254995716744E-002   7541.1721224077464        1.9794744582396098E-007   1.4240966583545847E-007
   1.0616368519436097        22856135972.215107        1004.3301570387488        1.9437597415117028E-002   7548.7369194471385        1.9872723909645095E-007   1.4336094117876530E-007
   1.0624693412309909        22513124366.950645        1017.8128741113378        1.9167146538527104E-002   7556.3548166602641        1.9951684490186360E-007   1.4431889418989787E-007
   1.0633120333035266        22172091880.319324        1031.6084940037765        1.8897940181895643E-002   7564.0294317143425        2.0031622122659665E-007   1.4528428698893172E-007
   1.0641650532040567        21833075350.736595        1045.7260417359582        1.8630016018282125E-002   7571.7638793014848        2.0112532383253283E-007   1.4625774422612083E-007
   1.0650285275079159        21496112926.840080        1060.1747672360696        1.8363411536421664E-002   7579.5608504714291        2.0194410284784424E-007   1.4723977022934113E-007
   1.0659025843417149        21161243720.438381        1074.9641618188989        1.8098164002381394E-002   7587.4226809365027        2.0277249952576849E-007   1.4823076367717773E-007
   1.0667873534023533        20828507511.238445        1090.1039746388460        1.7834310423869876E-002   7595.3514094951515        2.0361044314549924E-007   1.4923103001502366E-007
   1.0676829659762643        20497944496.295719        1105.6042283734023        1.7571887516847493E-002   7603.3488276826238        2.0445784803186707E-007   1.5024079183670956E-007
   1.0685895549588948        20169595077.835564        1121.4752344152107        1.7310931674070693E-002   7611.4165216529173        2.0531461067165250E-007   1.5126019743769911E-007
   1.0695072548744262        19843499683.817680        1137.7276079861945        1.7051478935292814E-002   7619.5559072446013        2.0618060690723572E-007   1.5228932774363380E-007
   1.0704362018957356        19519698616.283642        1154.3722827603251        1.6793564958873720E-002   7627.7682590901950        2.0705568919058756E-007   1.5332820180230386E-007
   1.0713765338646013        19198231923.148895        1171.4205257536100        1.6537224994596318E-002   7636.0547345582854        2.0793968388339304E-007   1.5437678101670815E-007
   1.0723283903121568        18879139289.639233        1188.8839514605145        1.6282493857486910E-002   7644.4163932276397        2.0883238859125383E-007   1.5543497227939871E-007
   1.0732919124795954        18562459946.123341        1206.7745370273547        1.6029405902519164E-002   7652.8542125273325        2.0973356952286557E-007   1.5650263015784834E-007
   1.0742672433391272        18248232589.555740        1225.1046363684729        1.5777995000071238E-002   7661.3691001083362        2.1064295886837076E-007   1.5757955826771643E-007
   1.0752545276151955        17936495316.120735        1243.8869954764787        1.5528294512029533E-002   7669.9619034203506        2.1156025219196746E-007   1.5866550995028919E-007
   1.0762539118059502        17627285563.104221        1263.1347672540883        1.5280337268490563E-002   7678.6334169508291        2.1248510583896977E-007   1.5976018837203605E-007
   1.0772655442049877        17320640058.277050        1282.8615269514596        1.5034155544973116E-002   7687.3843874757040        2.1341713435772056E-007   1.6086324613707396E-007
   1.0782895749233532        17016594775.396482        1303.0812878066195        1.4789781040112823E-002   7696.2155176535616        2.1435590794063276E-007   1.6197428450329791E-007
   1.0793261559118177        16715184894.659344        1323.8085171765017        1.4547244853812275E-002   7705.1274682379844        2.1530094989043648E-007   1.6309285228009644E-007
   1.0803754409834221        16416444767.162569        1345.0581529755282        1.4306577465827145E-002   7714.1208591565528        2.1625173412089342E-007   1.6421844448158618E-007
   1.0814375858363032        16120407882.585245        1366.8456206056819        1.4067808714772517E-002   7723.1962696305982        2.1720768270183989E-007   1.6535050079017120E-007
   1.0825127480767964        15827106839.467167        1389.1868504133538        1.3830967777553689E-002   7732.3542375236821        2.1816816346197098E-007   1.6648840389242384E-007
   1.0836010872428214        15536573317.589663        1412.0982956872845        1.3596083149231929E-002   7741.5952580614930        2.1913248766428906E-007   1.6763147773833084E-007
   1.0847027648275553        15248838052.066954        1435.5969511982141        1.3363182623334822E-002   7750.9197820372101        2.2009990777090970E-007   1.6877898576846064E-007
   1.0858179443033964        14963930808.823929        1459.7003723248374        1.3132293272621881E-002   7760.3282135922718        2.2106961531487914E-007   1.6993012914793349E-007
   1.0869467911462209        14681880361.235901        1484.4266947661320        1.2903441430323856E-002   7769.8209076893963        2.2204073890026465E-007   1.7108404505625339E-007
   1.0880894728599368        14402714467.755953        1509.7946552262702        1.2676652671896440E-002   7779.3981673106209        2.2301234235043750E-007   1.7223980505791958E-007
   1.0892461590013389        14126459850.382792        1535.8236121469197        1.2451951797290613E-002   7789.0602404668089        2.2398342302765671E-007   1.7339641359569243E-007
   1.0904170212052688        13853142173.891081        1562.5335679319371        1.2229362813774566E-002   7798.8073170669986        2.2495291034752143E-007   1.7455280663825484E-007
   1.0916022332100825        13582786025.758471        1589.9451913078251        1.2008908919346863E-002   7808.6395256731912        2.2591966451156520E-007   1.7570785050753098E-007
   1.0928019708834309        13315414896.746096        1618.0798407387056        1.1790612486748687E-002   7818.5569302108097        2.2688247548368507E-007   1.7686034092491821E-007
   1.0940164122483562        13051051162.134150        1646.9595887353846        1.1574495048125374E-002   7828.5595266448818        2.2784006223483289E-007   1.7800900229801086E-007
   1.0952457375097069        12789716063.592228        1676.6072465853008        1.1360577280349218E-002   7838.6472396554846        2.2879107228065997E-007   1.7915248727601933E-007
   1.0964901290808786        12531429691.715158        1707.0463906648808        1.1148878991049140E-002   7848.8199193510754        2.2973408153733892E-007   1.8028937660437240E-007
   1.0977497716108802        12276210969.243164        1738.3013887706343        1.0939419105367609E-002   7859.0773380310147        2.3066759451929734E-007   1.8141817929969368E-007
   1.0990248520117343        12024077634.995216        1770.3974282826587        1.0732215653473445E-002   7869.4191870334107        2.3159004490233507E-007   1.8253733317383480E-007
   1.1003155594862115        11775046228.573284        1803.3605445930234        1.0527285758869220E-002   7879.8450736719888        2.3249979647415139E-007   1.8364520572508575E-007
   1.1016220855559049        11529132075.859873        1837.2176510387303        1.0324645627508556E-002   7890.3545182868966        2.3339514449246424E-007   1.8474009541993016E-007
   1.1029446240896501        11286349275.383970        1871.9965695888650        1.0124310537758497E-002   7900.9469514358525        2.3427431747046725E-007   1.8582023338893757E-007
   1.1042833713322908        11046710685.597069        1907.7260628825766        9.9262948312303593E-003   7911.6217112146251        2.3513547940520549E-007   1.8688378554675101E-007
   1.1056385259338002        10810227913.123959        1944.4358671992065        9.7306119045036527E-003   7922.3780407357362        2.3597673246381973E-007   1.8792885515773690E-007
   1.1070102889787568        10576911302.042919        1982.1567268263802        9.5372742017639633E-003   7933.2150857622264        2.3679612013869168E-007   1.8895348585688089E-007
   1.1083988640161826        10346769924.262615        2020.9204295322472        9.3462932083785023E-003   7944.1318925061241        2.3759163088019215E-007   1.8995566513811861E-007
   1.1098044570897467        10119811571.057539        2060.7598434886477        9.1576794454278111E-003   7955.1274055858639        2.3836120221208685E-007   1.9093332831531961E-007
   1.1112272767683391        9896042745.8170891        2101.7089554074751        8.9714424652096326E-003   7966.2004661301926        2.3910272533060374E-007   1.9188436295682392E-007
   1.1126675341770185        9675468658.0765095        2143.8029102808628        8.7875908477312564E-003   7977.3498100403476        2.3981405018573463E-007   1.9280661380037905E-007
   1.1141254430283414        9458093218.8827553        2187.0780524736174        8.6061321982042645E-003   7988.5740663666502        2.4049299103746406E-007   1.9369788813480361E-007
   1.1156012196540728        9243919037.5524368        2231.5719683712055        8.4270731455464397E-003   7999.8717558051176        2.4113733247723113E-007   1.9455596164837765E-007
   1.1170950830372870        9032947419.8738804        2277.3235308709986        8.2504193419080593E-003   8011.2412892648517        2.4174483589905232E-007   1.9537858472395127E-007
   1.1186072548448616        8825178367.8037586        2324.3729452409957        8.0761754632230967E-003   8022.6809664907278        2.4231324640168618E-007   1.9616348916904399E-007
   1.1201379594603686        8620610580.6889076        2372.7617969412245        7.9043452107821557E-003   8034.1889746833394        2.4284030009727289E-007   1.9690839535264254E-007
   1.1216874240173706        8419241458.0628977        2422.5331014302992        7.7349313138414142E-003   8045.7633870842528        2.4332373179882906E-007   1.9761101972717601E-007
   1.1232558784331239        8221067104.0399504        2473.7313555312753        7.5679355332555036E-003   8057.4021614629028        2.4376128305355837E-007   1.9826908270064148E-007
   1.1248435554426937        8026082333.3216705        2526.4025911599856        7.4033586661285114E-003   8069.1031384388934        2.4415071048440883E-007   1.9888031682082588E-007
   1.1264506906334901        7834280678.8436384        2580.5944311122757        7.2412005514860892E-003   8080.8640395829289        2.4448979439909200E-007   1.9944247523493369E-007
   1.1280775224802242        7645654401.0486794        2636.3561466864362        7.0814600769445839E-003   8092.6824651969264        2.4477634761979813E-007   1.9995334037084167E-007
   1.1297242923802953        7460194498.7989016        2693.7387183689384        6.9241351863786821E-003   8104.5558917070375        2.4500822448479911E-007   2.0041073279608562E-007
   1.1313912446896099        7277890721.8987246        2752.7948980586889        6.7692228885684689E-003   8116.4816685555479        2.4518332996732860E-007   2.0081252019232364E-007
   1.1330786267588411        7098731585.2081404        2813.5792743967545        6.6167192667995972E-003   8128.4570145114467        2.4529962885530722E-007   2.0115662639213422E-007
   1.1347866889701310        6922704384.3166275        2876.1483408551676        6.4666194894205326E-003   8140.4790132693024        2.4535515493058684E-007   2.0144104040777563E-007
   1.1365156847742441        6749795212.7274313        2940.5605657978781        6.3189178213134863E-003   8152.5446082403287        2.4534802008452455E-007   2.0166382538921222E-007
   1.1382658707281756        6579988980.4964991        3006.8764667369528        6.1736076362708375E-003   8164.6505963994150        2.4527642330252272E-007   2.0182312743476486E-007
   1.1400375065332207        6413269434.2698879        3075.1586865175364        6.0306814302562208E-003   8176.7936210843536        2.4513865944905562E-007   2.0191718418566250E-007
   1.1418308550735099        6249619178.6330080        3145.4720735302303        5.8901308355123489E-003   8188.9701636094132        2.4493312778090940E-007   2.0194433312107636E-007
   1.1436461824550170        6089019698.7049789        3217.8837652510961        5.7519466355074565E-003   8201.1765335845557        2.4465834011579240E-007   2.0190301947763830E-007
   1.1454837580450465        5931451383.8736143        3292.4632753264304        5.6161187806849288E-003   8213.4088578180763        2.4431292858024804E-007   2.0179180370740387E-007
   1.1473438545122017        5776893552.5840302        3369.2825849436599        5.4826364049925386E-003   8225.6630677051307        2.4389565286072890E-007   2.0160936839155117E-007
   1.1492267478668459        5625324478.0707407        3448.4162383145554        5.3514878431682846E-003   8237.9348850131391        2.4340540687940664E-007   2.0135452452276903E-007
   1.1511327175020587        5476721414.9302368        3529.9414427429811        5.2226606487514263E-003   8250.2198060037790        2.4284122481638371E-007   2.0102621706979330E-007
   1.1530620462350922        5331060626.4242840        3613.9381740296908        5.0961416128011226E-003   8262.5130838596615        2.4220228639898065E-007   2.0062352973659721E-007
   1.1550150203493375        5188317412.3997555        3700.4892868727634        4.9719167832933155E-003   8274.8097094205805        2.4148792137867450E-007   2.0014568882712593E-007
   1.1569919296368052        5048466137.7211828        3789.6806315479712        4.8499714851687132E-003   8287.1043903131867        2.4069761311765187E-007   1.9959206613612477E-007
   1.1589930674411260        4911480261.1135750        3881.6011771429894        4.7302903410170911E-003   8299.3915285783696        2.3983100120699159E-007   1.9896218077568932E-007
   1.1610187307010786        4777332364.3174295        3976.3431415430059        4.6128572923662655E-003   8311.6651970256262        2.3888788304119522E-007   1.9825569986451128E-007
   1.1630692199946502        4645994181.4801035        4074.0021299318423        4.4976556215582395E-003   8323.9191146177000        2.3786821427684486E-007   1.9747243800700471E-007
   1.1651448395836386        4517436628.7176390        4174.6772813732878        4.3846679741907446E-003   8336.1466212970518        2.3677210810703288E-007   1.9661235549678488E-007
   1.1672458974588003        4391629833.8056307        4278.4714254124810        4.2738763820976298E-003   8348.3406528073610        2.3559983328953513E-007   1.9567555519421937E-007
   1.1693727053855500        4268543165.9899592        4385.4912490925281        4.1652622868505471E-003   8360.4937161952803        2.3435181087447748E-007   1.9466227803954540E-007
   1.1715255789502244        4148145265.9344401        4495.8474756012956        4.0588065637536088E-003   8372.5978668345870        2.3302860958711186E-007   1.9357289718096447E-007
   1.1737048376069081        4030404075.8717570        4609.6550559293073        3.9544895463066426E-003   8384.6446879956420        2.3163093983499109E-007   1.9240791072422940E-007
   1.1759108047248381        3915286870.0580025        4727.0333741020559        3.8522910511025257E-003   8396.6252741300741        2.3015964632399516E-007   1.9116793312982509E-007
   1.1781438076363842        3802760285.7019329        4848.1064685144247        3.7521904031302578E-003   8408.5302192449399        2.2861569928913290E-007   1.8985368532694383E-007
   1.1804041776856224        3692790354.5749860        4973.0032685848746        3.6541664614350524E-003   8420.3496118588009        2.2700018436830505E-007   1.8846598363829807E-007
   1.1826922502775012        3585342535.5791345        5101.8578502861392        3.5581976450847906E-003   8432.0730382114307        2.2531429117663890E-007   1.8700572766514421E-007
   1.1850083649276093        3480381748.6143064        5234.8097094510249        3.4642619593871064E-003   8443.6895954681877        2.2355930067192366E-007   1.8547388732099354E-007
   1.1873528653125560        3377872410.1346707        5372.0040552269111        3.3723370222771020E-003   8455.1879167286515        2.2173657143862357E-007   1.8387148925861847E-007
   1.1897260993209671        3277778470.8461285        5513.5921230693739        3.2824000907884679E-003   8466.5562096166377        2.1984752506015103E-007   1.8219960298632015E-007
   1.1921284191051058        3180063456.0356431        5659.7315083173680        3.1944280875023144E-003   8477.7823101252452        2.1789363079403670E-007   1.8045932702517703E-007
   1.1945601811331279        3084690509.0552278        5810.5865187689924        3.1083976268485342E-003   8488.8537531784004        2.1587638981278352E-007   1.7865177551181506E-007
   1.1970217462419752        2991622438.4865742        5966.3285460148154        3.0242850411141180E-003   8499.7578610348810        2.1379731932168968E-007   1.7677806569785133E-007
   1.1995134796909197        2900821769.4934368        6127.1364521694059        2.9420664059913375E-003   8510.4818501904301        2.1165793691284344E-007   1.7483930683377693E-007
   1.2020357512157602        2812250799.8133445        6293.1969699960173        2.8617175654806746E-003   8521.0129568426764        2.0945974555861804E-007   1.7283659095232210E-007
   1.2045889350836889        2725871660.7439127        6464.7051101637535        2.7832141559397238E-003   8531.3385802388602        2.0720421968547420E-007   1.7077098606923223E-007
   1.2071734101488238        2641646383.3370175        6641.8645716284336        2.7065316290563551E-003   8541.4464423879836        2.0489279279624707E-007   1.6864353230612955E-007
   1.2097895599084270        2559536969.8252072        6824.8881451494726        2.6316452735074014E-003   8551.3247616742556        2.0252684712300070E-007   1.6645524139516638E-007
   1.2124377725598094        2479505470.0654840        7013.9981035314358        2.5585302350616731E-003   8560.9624369386729        2.0010770578900227E-007   1.6420709995671852E-007
   1.2151184410579323        2401514062.5071816        7209.4265650768120        2.4871615348871943E-003   8570.3492376177401        1.9763662793498830E-007   1.6190007683816274E-007
   1.2178319631737184        2325525138.8599792        7411.4158202466760        2.4175140858270802E-003   8579.4759946239319        1.9511480721711156E-007   1.5953513466834879E-007
   1.2205787415530720        2251501391.3082690        7620.2186065065125        2.3495627064396680E-003   8588.3347859353526        1.9254337401386128E-007   1.5711324563300405E-007
   1.2233591837766284        2179405900.7533512        7836.0983174807661        2.2832821326243622E-003   8596.9191102793138        1.8992340158191881E-007   1.5463541128575825E-007
   1.2261737024202310        2109202224.2381780        8059.3291310792210        2.2186470267071897E-003   8605.2240421112328        1.8725591628232975E-007   1.5210268603252632E-007
   1.2290227151161515        2040854479.4098732        8290.1960412212920        2.1556319839166876E-003   8613.2463611440344        1.8454191185858108E-007   1.4951620372447188E-007
   1.2319066446150613        1974327423.6464944        8528.9947786129542        2.0942115362528550E-003   8620.9846501688753        1.8178236759367154E-007   1.4687720661497941E-007
   1.2348259188487600        1909586525.3409841        8776.0316068272296        2.0343601538339263E-003   8628.4393557643780        1.7897827001065139E-007   1.4418707577585600E-007
   1.2377809709936753        1846598024.8124497        9031.6229821339675        1.9760522438931685E-003   8635.6128076579862        1.7613063761771030E-007   1.4144736193229962E-007
   1.2407722395351390        1785328982.4295809        9296.0950676715966        1.9192621476893845E-003   8642.5091940440852        1.7324054804427670E-007   1.3865981559844343E-007
   1.2438001683324520        1725747311.7818313        9569.7830961462896        1.8639641356852318E-003   8649.1344918200521        1.7030916677706235E-007   1.3582641534860621E-007
   1.2468652066847459        1667821796.1310978        9853.0305784582670        1.8101324014326429E-003   8655.4963525650619        1.6733777659377057E-007   1.3294939308516520E-007
   1.2499678093976530        1611522086.8919399        10146.188359837090        1.7577410546765582E-003   8661.6039468442596        1.6432780671353065E-007   1.3003125522517736E-007
   1.2531084368507923        1556818683.5181153        10449.613529544969        1.7067641142476983E-003   8667.4677711521927        1.6128086064404303E-007   1.2707479885733377E-007
   1.2562875550660824        1503682894.8676708        10763.668193686968        1.6571755013514893E-003   8673.0994232189787        1.5819874170809812E-007   1.2408312207736672E-007
   1.2595056357768928        1452086782.8486054        11088.718125973019        1.6089490338774277E-003   8678.5113525484976        1.5508347527830195E-007   1.2105962791093520E-007
   1.2627631564980422        1402003089.8693912        11425.131313472282        1.5620584223431143E-003   8683.7165938279541        1.5193732683705155E-007   1.1800802145636382E-007
   1.2660606005966535        1353405152.2826190        11773.276419022270        1.5164772680517700E-003   8688.7284911703555        1.4876281510476330E-007   1.1493230010791731E-007
   1.2693984573638797        1306266802.5839441        12133.521183624214        1.4721790639860984E-003   8693.5604211068421        1.4556271963776700E-007   1.1183673695490883E-007
   1.2727772220875055        1260562263.5757356        12506.230794147186        1.4291371988786523E-003   8698.2255218454720        1.4234008248021426E-007   1.0872585767686320E-007
   1.2761973961254427        1216266037.9979825        12891.766243019183        1.3873249648017525E-003   8702.7364355418158        1.3909820365330469E-007   1.0560441145280480E-007
   1.2796594869801219        1173352797.2607164        13290.482706210416        1.3467155685083355E-003   8707.1050693786419        1.3584063047089525E-007   1.0247733658296083E-007
   1.2831640083738001        1131797272.8754094        13702.727965599703        1.3072821466343957E-003   8711.3423801126155        1.3257114087370176E-007   9.9349721664547435E-008
   1.2867114803247890        1091574153.9871583        14128.840900232826        1.2689977847514760E-003   8715.4581855068100        1.2929372116618139E-007   9.6226763269196884E-008
   1.2903024292246170        1052657994.0727143        14569.150068844336        1.2318355401373460E-003   8719.4610048672148        1.2601253871245635E-007   9.3113721143643688E-008
   1.2939373879161380        1015023129.4196714        15023.972403663616        1.1957684680213871E-003   8723.3579297354172        1.2273191029427956E-007   9.0015871988564211E-008
   1.2976168957725991        978643611.46321332        15493.612031577271        1.1607696509594570E-003   8727.1545247107260        1.1945626694928591E-007   8.6938462865235754E-008
   1.3013414987776724        943493154.46962905        15978.359237004348        1.1268122309111889E-003   8730.8547574895510        1.1619011618880982E-007   8.3886665246827430E-008
   1.3051117496064730        909545099.44666839        16478.489574420455        1.0938694435240022E-003   8734.4609564538441        1.1293800253946617E-007   8.0865530663301118E-008
   1.3089282077075677        876772394.56442118        16994.263138420280        1.0619146540827183E-003   8737.9737935663234        1.0970446736208910E-007   7.7879948797144576E-008
   1.3127914393859874        845147591.81182480        17525.923991346564        1.0309213945561121E-003   8741.3922899399913        1.0649400887709091E-007   7.4934608775801695E-008
   1.3167020178872588        814642859.11630177        18073.699749615713        1.0008634011642852E-003   8744.7138412104468        1.0331104327053644E-007   7.2033964279457276E-008
   1.3206605234824664        785230006.73168766        18637.801322166491        9.7171465190192040E-004   8747.9342597203304        1.0015986767461639E-007   6.9182202944882506E-008
   1.3246675435543549        756880526.36378443        19218.422795542330        9.4344940347643831E-004   8751.0478305773686        9.7044625714716802E-008   6.6383220408115466E-008
   1.3287236726844880        729565641.25926113        19815.741455076426        9.1604222716302867E-004   8754.0473787459505        9.3969276199692975E-008   6.3640599188835932E-008
   1.3328295127414758        703256365.32741928        20429.917930783435        8.8946804312570952E-004   8756.9243445248230        9.0937565406992846E-008   6.0957592486683662E-008
   1.3369856729702831        677923569.29389787        21061.096455238410        8.6370215281318273E-004   8759.6688649959942        8.7953003286543812E-008   5.8337112837394372E-008
   1.3411927700826323        653538051.89261484        21709.405219130102        8.3872026910136537E-004   8762.2698593445439        8.5018843781501848E-008   5.5781725470541656E-008
   1.3454514283485131        630070614.17193246        22374.956809967727        8.1449854391871853E-004   8764.7151161843412        8.2138069344992512E-008   5.3293646114242365E-008
   1.3497622796888158        607492135.11636794        23057.848719589598        7.9101359315682121E-004   8766.9913813516378        7.9313379623060828E-008   5.0874742919226301E-008
   1.3541259637690992        585773646.94996381        23758.163905563961        7.6824251873107885E-004   8769.0844449051474        7.6547184178229347E-008   4.8526542116301053E-008
   1.3585431280945062        564886408.68045568        24475.971393390391        7.4616292771613826E-004   8770.9792263239960        7.3841599047104596E-008   4.6250236980427788E-008
   1.3630144281058447        544801976.65350604        25211.326905948426        7.2475294853503877E-004   8772.6598571543891        7.1198446860121965E-008   4.4046699651795893E-008
   1.3675405272768446        525492271.10293657        25964.273509329108        7.0399124423014192E-004   8774.1097605666364        6.8619260202163409E-008   4.1916495355369588E-008
   1.3721220972126078        506929637.89660734        26734.842263402854        6.8385702288505817E-004   8775.3117274691431        6.6105287858540807E-008   3.9859898564755659E-008
   1.3767598177492644        489086904.88313228        27523.052869568597        6.6433004530313134E-004   8776.2479889934202        6.3657503570953381E-008   3.7876910672468397E-008
   1.3814543770548493        471937432.43527544        28328.914306586605        6.4539063007706401E-004   8776.9002853031307        6.1276616920779034E-008   3.5967278753626657E-008
   1.3862064717314166        455455157.95770556        29152.425449561615        6.2701965620577443E-004   8777.2499307864891        5.8963085960750681E-008   3.4130515041503831E-008
   1.3910168069184057        439614634.27917099        29993.575666522611        6.0919856343233261E-004   8777.2778757703854        5.6717131229118789E-008   3.2365916769739695E-008
   1.3958860963972712        424391061.97854459        30852.345389894472        5.9190935048711942E-004   8776.9647649805793        5.4538750800344917E-008   3.0672586075929496E-008
   1.4008150626973999        409760315.80292881        31728.706660217758        5.7513457142669984E-004   8776.2909930101177        5.2427736052076505E-008   2.9049449701508549E-008
   1.4058044372033216        395698965.42262715        32622.623641863385        5.5885733026095124E-004   8775.2367570724909        5.0383687857536625E-008   2.7495278262947493E-008
   1.4108549602632361        382184290.83568406        33534.053110399153        5.4306127405948600E-004   8773.7821073738105        4.8406032943949114E-008   2.6008704909501313E-008
   1.4159673812988693        369194292.78340238        34462.944912961997        5.2773058472312551E-004   8771.9069953989892        4.6494040190335237E-008   2.4588243218560047E-008
   1.4211424589166775        356707698.57221508        35409.242403726937        5.1284996960007428E-004   8769.5913204512490        4.4646836670381999E-008   2.3232304215111958E-008
   1.4263809610204112        344703963.71601391        36372.882856446871        4.9840465111673424E-004   8766.8149747156895        4.2863423277742173E-008   2.1939212431564438E-008
   1.4316836649250624        333163269.82092488        37353.797858099468        4.8438035558351117E-004   8763.5578871599082        4.1142689800778546E-008   2.0707220953099570E-008
   1.4370513574722050        322066519.13219357        38351.913685951644        4.7076330132435096E-004   8759.8000665196123        3.9483429341660220E-008   1.9534525416889242E-008
   1.4424848351467507        311395326.15256715        39367.151673227898        4.5754018626739727E-004   8755.5216436024439        3.7884351999957367E-008   1.8419276954441016E-008
   1.4479849041951363        301132006.72546494        40399.428565840419        4.4469817512201443E-004   8750.7029131181262        3.6344097763533318E-008   1.7359594083662980E-008
   1.4535523807449571        291259564.95527065        41448.656875787405        4.3222488625562037E-004   8745.3243751940990        3.4861248569580460E-008   1.6353573571168426E-008
   1.4591880909260688        281761678.31324697        42514.745233766276        4.2010837837222557E-004   8739.3667767415227        3.3434339515845188E-008   1.5399300297123879E-008
   1.4648928709931728        272622681.25114071        43597.598746239339        4.0833713708310479E-004   8732.8111527365108        3.2061869217059995E-008   1.4494856162792900E-008
   1.4706675674499035        263827547.61779144        44697.119359652796        3.9690006144963265E-004   8725.6388675102353        3.0742309313765152E-008   1.3638328088167457E-008
   1.4765130371744370        255361872.14608839        45813.206236045218        3.8578645056773123E-004   8717.8316560585299        2.9474113150940569E-008   1.2827815150874987E-008
   1.4824301475466390        247211851.25093594        46945.756143059065        3.7498599025470234E-004   8709.3716653984520        2.8255723651869018E-008   1.2061434920799305E-008
   1.4884197765767702        239364263.35203749        48094.663860789544        3.6448873988962721E-004   8700.2414958839418        2.7085580419125313E-008   1.1337329045320197E-008
   1.4944828130357701        231806448.91057536        49259.822609107461        3.5428511945137140E-004   8690.4242424653512        2.5962126099020304E-008   1.0653668141115953E-008
   1.5006201565871389        224526290.34467942        50441.124495733216        3.4436589679023600E-004   8679.9035357523389        2.4883812049371263E-008   1.0008656046721691E-008
   1.5068327179204313        217512191.96671036        51638.460989020008        3.3472217516332988E-004   8668.6635827672199        2.3849103352469137E-008   9.4005334889081758E-009
   1.5131214188863915        210753060.06478471        52851.723414002350        3.2534538105763038E-004   8656.6892072327155        2.2856483216272117E-008   8.8275812135497133E-009
   1.5194871926337401        204238283.23207560        54080.803474858156        3.1622725231911187E-004   8643.9658892071620        2.1904456807140268E-008   8.2881226289605616E-009
   1.5259309837476409        197957713.03069994        55325.593802013354        3.0735982660246502E-004   8630.4798038742283        2.0991554557066954E-008   7.7805260068777816E-009
   1.5324537483898628        191901645.06131390        56585.988524916487        2.9873543015102987E-004   8616.2178592636865        2.0116334987407658E-008   7.3032062830508870E-009
   1.5390564544406584        186060800.49611148        57861.883868995254        2.9034666691374518E-004   8601.1677326709396        1.9277387089810657E-008   6.8546264962954766E-009
   1.5457400816423854        180426308.12046164        59153.178775770750        2.8218640800230872E-004   8585.3179055409200        1.8473332303328096E-008   6.4332989016883854E-009
   1.5525056217448829        174989686.91783056        60459.775544550801        2.7424778148949099E-004   8568.6576965515706        1.7702826124884659E-008   6.0377857904086402E-009
   1.5593540786526345        169742829.22314754        61781.580493330825        2.6652416254715903E-004   8551.1772926677386        1.6964559388142682E-008   5.6667000458553180E-009
   1.5662864685737317        164677984.46147171        63118.504636568730        2.5900916392069065E-004   8532.8677778860165        1.6257259243771223E-008   5.3187054626704432E-009
   1.5733038201706628        159787743.48192146        64470.464376956726        2.5169662673507983E-004   8513.7211594620076        1.5579689871839877E-008   4.9925168528320061E-009
   1.5804071747129538        155065023.49057591        65837.382207864677        2.4458061162667888E-004   8493.7303913492560        1.4930652955011537E-008   4.6868999603256447E-009
   1.5875975862316740        150503053.58093950        67219.187422907096        2.3765539019332486E-004   8472.8893946613807        1.4308987938929262E-008   4.4006712038252962E-009
   1.5948761216758403        146095360.85634366        68615.816829555712        2.3091543675537570E-004   8451.1930749334424        1.3713572104246790E-008   4.1326972646829910E-009
   1.6022438610707352        141835757.13490948        70027.215461621701        2.2435542041899853E-004   8428.6373360168418        1.3143320472646386E-008   3.8818945357791232E-009
   1.6097018976781685        137718326.22479427        71453.337288322989        2.1797019743294703E-004   8405.2190904374565        1.2597185567346129E-008   3.6472284451535665E-009
   1.6172513381586979        133737411.75516133        72894.145914156150        2.1175480382988897E-004   8380.9362661048854        1.2074157046751980E-008   3.4277126670049755E-009
   1.6248933027358436        129887605.54633106        74349.615267029556        2.0570444834295157E-004   8355.7878092696956        1.1573261228229083E-008   3.2224082314133783E-009
   1.6326289253623099        126163736.50123146        75819.730269307693        1.9981450558831699E-004   8329.7736836553941        1.1093560517394793E-008   3.0304225431468743E-009
   1.6404593538882493        122560859.99920911        77304.487489200837        1.9408050950465609E-004   8302.8948657537057        1.0634152756812149E-008   2.8509083190964392E-009
   1.6483857502315844        119074247.77260606        78803.895767508613        1.8849814704043305E-004   8275.1533362746541        1.0194170506653871E-008   2.6830624531592108E-009
   1.6564092905504206        115699378.24608229        80317.976817431016        1.8306325208012673E-004   8246.5520677974691        9.7727802686099850E-009   2.5261248168458052E-009
   1.6645311654175685        112431927.31854635        81846.765793233106        1.7777179960085942E-004   8217.0950087046167        9.3691816631668064E-009   2.3793770034391618E-009
   1.6727525799972089        109267759.56758477        83390.311825715151        1.7261990005099930E-004   8186.7870635056925        8.9826065693317300E-009   2.2421410231631158E-009
   1.6810747542237197        106202919.85659114        84948.678521396228        1.6760379394277079E-004   8155.6340697007827        8.6123182349123871E-009   2.1137779565465575E-009
   1.6894989229826958        103233625.32508953        86521.944423594192        1.6271984665101047E-004   8123.6427713653138        8.2576103645644297E-009   1.9936865729357932E-009
   1.6980263362941885        100356257.74342406        88110.203433985036        1.5796454341086738E-004   8090.8207896570093        7.9178061920625895E-009   1.8813019209243516E-009
   1.7066582594981892        97567356.213423789        89713.565192470196        1.5333448450715459E-004   8057.1765904968570        7.5922575424717379E-009   1.7760938973058223E-009
   1.7153959734423867        94863610.197478324        91332.155416163063        1.4882638064868343E-004   8022.7194496627026        7.2803438893014504E-009   1.6775658009980171E-009
   1.7242407746722259        92241852.859183103        92966.116195481911        1.4443704852121520E-004   7987.4594155932409        6.9814714110927397E-009   1.5852528782448066E-009
   1.7331939756232959        89699054.699453905        94615.606249035482        1.4016340651275519E-004   7951.4072701892082        6.6950720513711134E-009   1.4987208652241635E-009
   1.7422569048160752        87232317.472904712        96280.801136817972        1.3600247060544465E-004   7914.5744879248077        6.4206025854185230E-009   1.4175645340143964E-009
   1.7514309070530643        84838868.370065227        97961.893433774530        1.3195135042846524E-004   7876.9731935830678        6.1575436968838557E-009   1.3414062476554352E-009
   1.7607173436183350        82516054.451906651        99659.092864320235        1.2800724546668620E-004   7838.6161189362510        5.9053990668638970E-009   1.2698945298023683E-009
   1.7701175924795232        80261337.323886171        101372.62640057017        1.2416744141995103E-004   7799.5165586974572        5.6636944777229794E-009   1.2027026541926942E-009
   1.7796330484922993        78072288.037629768        103102.73832594586        1.2042930670822556E-004   7759.6883260518962        5.4319769336243265E-009   1.1395272588420258E-009
   1.7892651236073440        75946582.209068224        104849.69026703011        1.1679028911790670E-004   7719.1457080848995        5.2098137994368035E-009   1.0800869895419917E-009
   1.7990152470798604        73881995.342684522        106613.76119671309        1.1324791258496179E-004   7677.9034213940949        4.9967919594487475E-009   1.0241211768661277E-009
   1.8088848656816536        71876398.352171659        108395.24741101261        1.0979977411051645E-004   7635.9765681816853        4.7925169970579619E-009   9.7138855049060562E-010
   1.8188754439158101        69927753.268506378        110194.46248400447        1.0644354080478194E-004   7593.3805930846165        4.5966123964190204E-009   9.2166599421960330E-010
   1.8289884642340080        68034109.127139390        112011.73720313596        1.0317694705541154E-004   7550.1312409859765        4.4087187668374893E-009   8.7474734467217402E-010
   1.8392254272564914        66193598.026490644        113847.41948909743        9.9997791816280564E-005   7506.2445160483094        4.2284930905046754E-009   8.3044223613846998E-010
   1.8495878519947389        64404431.350543514        115701.87430446871        9.6903936012931582E-005   7461.7366421391234        4.0556079940476414E-009   7.8857499366611710E-010
   1.8600772760768620        62664896.148889638        117575.48355238113        9.3893300061112707E-005   7416.6240248668573        3.8897510441874098E-009   7.4898357598898493E-010
   1.8706952559757670        60973351.667936377        119468.64597190928        9.0963861494697875E-005   7370.9232153408566        3.7306240677084163E-009   7.1151856946777388E-010
   1.8814433672401105        59328226.027412377        121381.77703126840        8.8113652699395659E-005   7324.6508758057653        3.5779424957891069E-009   6.7604223378308963E-010
   1.8923232047280893        57728013.036735423        123315.30882274608        8.5340758748795041E-005   7277.8237472392875        3.4314347326666080E-009   6.4242759971348850E-010
   1.9033363828440919        56171269.146121860        125269.68996378167        8.2643315339382754E-005   7230.4586189945348        3.2908415485029514E-009   6.1055761894302050E-010
   1.9144845357782523        54656610.527575739        127245.38550497734        8.0019506821094323E-005   7182.5723005438422        3.1559154962311846E-009   5.8032436548026409E-010
   1.9257693177489392        53182710.281133533        129242.87685023269        7.7467564319969642E-005   7134.1815953401028        3.0264203520899811E-009   5.5162828793989275E-010
   1.9371924032482168        51748295.762073144        131262.66168994491        7.4985763949796125E-005   7085.3032768160319        2.9021305794873836E-009   5.2437751164060974E-010
   1.9487554872903154        50352146.024847366        133305.25395019943        7.2572425109304199E-005   7035.9540665096802        2.7828308157633252E-009   4.9848718920412424E-010
   1.9604602856631446        48993089.379753232        135371.18376054149        7.0225908861770456E-005   6986.1506142704948        2.6683153813852114E-009   4.7387889811266158E-010
   1.9723085351828904        47670001.058507629        137460.99744147406        6.7944616393889759E-005   6935.9094805217355        2.5583878110477949E-009   4.5048008348483683E-010
   1.9843019939517352        46381800.984922655        139575.25751356294        6.5726987550650942E-005   6885.2471204959347        2.4528604061187111E-009   4.2822354416862664E-010
   1.9964424416187307        45127451.647119276        141714.54273036585        6.3571499443278000E-005   6834.1798703894738        2.3515538078341947E-009   4.0704696012421338E-010
   2.0087316796438719        43905956.067698359        143879.44813440871        6.1476665127100809E-005   6782.7239353365585        2.2542965906244108E-009   3.8689245897323424E-010
   2.0211715315654084        42716355.868386477        146070.58513959628        5.9441032346333507E-005   6730.8953791130834        2.1609248749199206E-009   3.6770621952636127E-010
   2.0337638432704273        41557729.425822988        148288.58163844846        5.7463182342942803E-005   6678.7101154768434        2.0712819587807233E-009   3.4943811006633145E-010
   2.0465104832687562        40429190.115102507        150534.08213613840        5.5541728726592147E-005   6626.1839010220574        1.9852179676731353E-009   3.3204135915158363E-010
   2.0594133429702244        39329884.637833767        152807.74791087990        5.3675316402926215E-005   6573.3323294693664        1.9025895217049041E-009   3.1547225671907365E-010
   2.0724743369653158        38258991.431480370        155110.25720076342        5.1862620557388800E-005   6520.1708272399774        1.8232594196438897E-009   2.9968988329985570E-010
   2.0856954033092681        37215719.156835966        157442.30541731321        5.0102345691924192E-005   6466.7146502380174        1.7470963390228539E-009   2.8465586521063432E-010
   2.0990785038096487        36199305.260516450        159804.60538471310        4.8393224711927596E-005   6412.9788817074786        1.6739745516536953E-009   2.7033415365298273E-010
   2.1126256243174604        35209014.609402984        162197.88760513967        4.6734018060878392E-005   6358.9784310668474        1.6037736538689717E-009   2.5669082573010525E-010
   2.1263387750218095        34244138.194055781        164622.90054890956        4.5123512900233286E-005   6304.7280336086615        1.5363783108268362E-009   2.4369390548184810E-010
   2.1402199907481894        33303991.898127593        167080.41096903366        4.3560522332139275E-005   6250.2422509654689        1.4716780142190410E-009   2.3131320313477160E-010
   2.1542713312604160        32387915.330914374        169571.20423960226        4.2043884662696666E-005   6195.5354722285747        1.4095668527455483E-009   2.1952017086834163E-010
   2.1684948815662670        31495270.720220834        172096.08471648803        4.0572462703543426E-005   6140.6219156757561        1.3499432947156774E-009   2.0828777350254791E-010
   2.1828927522268664        30625441.862765931        174655.87612002625        3.9145143109574882E-005   6085.5156309304803        1.2927099821873051E-009   1.9759037262396141E-010
   2.1974670796698597        29777833.129464541        177251.42193848762        3.7760835750785022E-005   6030.2305015652382        1.2377735360307984E-009   1.8740362277122774E-010
   2.2122200265064249        28951868.522962764        179883.58585092469        3.6418473116230278E-005   5974.7802480095734        1.1850443713612964E-009   1.7770437841191477E-010
   2.2271537818521767        28146990.784892287        182553.25216879192        3.5117009748228445E-005   5919.1784307174812        1.1344365227825699E-009   1.6847061054518744E-010
   2.2422705616519938        27362660.550376259        185261.32629434820        3.3855421704960096E-005   5863.4384535229692        1.0858674789135496E-009   1.5968133186683344E-010
   2.2575726090088342        26598355.547414321        188008.73519585971        3.2632706049770741E-005   5807.5735671176590        1.0392580256917955E-009   1.5131652953069515E-010
   2.2730621945165765        25853569.838856690        190796.42789697708        3.1447880365531532E-005   5751.5968726175934        9.9453209796396123E-010   1.4335710463231378E-010
   2.2887416165969432        25127813.104740456        193625.37598073881        3.0299982292469156E-005   5695.5213251424120        9.5161663890380763E-010   1.3578481762865052E-010
   2.3046132018405512        24420609.962878391        196496.57410550586        2.9188069088008656E-005   5639.3597373919192        9.1044146681122375E-010   1.2858223898868703E-010
   2.3206793053521446        23731499.325633842        199411.04053252988        2.8111217207181321E-005   5583.1247831582268        8.7093914887440460E-010   1.2173270444621019E-010
   2.3369423111000533        23060033.790942401        202369.81766317389        2.7068521902280713E-005   5526.8290007606838        8.3304488149294859E-010   1.1522027429588183E-010
   2.3534046322699407        22405779.065690815        205373.97258468444        2.6059096840485459E-005   5470.4847963494758        7.9669637678640317E-010   1.0902969623861687E-010
   2.3700687116228849        21768313.419680040        208424.59762349515        2.5082073738268460E-005   5414.1044470820525        7.6183375492567112E-010   1.0314637134041600E-010
   2.3869370218578450        21147227.168465901        211522.81090443689        2.4136602011467201E-005   5357.7001041253461        7.2839944195262567E-010   9.7556322722876827E-011
   2.4040120659785740        20542122.183453541        214669.75691494331        2.3221848439944630E-005   5301.2837954780080        6.9633807276569025E-010   9.2246166650980662E-011
   2.4212963776650280        19952611.427707169        217866.60707260002        2.2336996845845795E-005   5244.8674285986444        6.6559639896994440E-010   8.7203085727107666E-011
   2.4387925216493254        19378318.516018815        221114.56029494700        2.1481247784516084E-005   5188.4627928124273        6.3612320131019222E-010   8.2414803938832731E-011
   2.4565030940963117        18818877.297840197        224414.84356953454        2.0653818247184114E-005   5132.0815615094989        6.0786920641580995E-010   7.7869563341450513E-011
   2.4744307229887967        18273931.461770017        227768.71252368554        1.9853941374579665E-005   5075.7352940938499        5.8078700761075904E-010   7.3556102187013931E-011
   2.4925780685175036        17743134.160366233        231177.45199159285        1.9080866180732602E-005   5019.4354377109048        5.5483098954896881E-010   6.9463634337278968E-011
   2.5109478234758038        17226147.654101104        234642.37657781906        1.8333857286199300E-005   4963.1933287196935        5.2995725645649546E-010   6.5581829821410999E-011
   2.5295427136592838        16722642.973363910        238164.83121549891        1.7612194660051841E-005   4907.0201939182698        5.0612356377169062E-010   6.1900796418994854E-011
   2.5483654982702166        16232299.597468249        241746.19171745662        1.6915173369992800E-005   4850.9271515080827        4.8328925298968133E-010   5.8411062166271214E-011
   2.5674189703269814        15754805.149686690        245387.86531876391        1.6242103340001430E-005   4794.9252118229724        4.6141518952577908E-010   5.5103558697986311E-011
   2.5867059570785109        15289855.107387178        249091.29120876204        1.5592309114955850E-005   4739.0252777900896        4.4046370343016765E-010   5.1969605350445110E-011
   2.6062293204238056        14837152.526404560        252857.94105095914        1.4965129631714358E-005   4683.2381451129704        4.2039853279423005E-010   4.9000893961886346E-011
   2.6259919573366037        14396407.778839184        256689.31948876541        1.4359917996188511E-005   4627.5745022244646        4.0118476969426350E-010   4.6189474315093663E-011
   2.6459968002952428        13967338.303506078        260586.96463475900        1.3776041265939592E-005   4572.0449299632955        3.8278880853608662E-010   4.3527740175475482E-011
   2.6662468177177994        13549668.368323008        264552.44854246924        1.3212880237903461E-005   4516.6599009954507        3.6517829666753886E-010   4.1008415883980823E-011
   2.6867450144025549        13143128.843962951        268587.37765666714        1.2669829240851794E-005   4461.4297789750754        3.4832208713627182E-010   3.8624543469764940E-011
   2.7074944319738656        12747456.988126134        272693.39324220200        1.2146295932220771E-005   4406.3648174444161        3.3219019347716489E-010   3.6369470251985701E-011
   2.7284981493334901        12362396.239853686        276872.17178677319        1.1641701099000017E-005   4351.4751584852120        3.1675374642152033E-010   3.4236836904017076E-011
   2.7497592831174558        11987696.023309436        281125.42537697713        1.1155478462353302E-005   4296.7708311056540        3.0198495242764942E-010   3.2220565956459310E-011
   2.7712809881585185        11623111.560513111        285454.90204369772        1.0687074485696871E-005   4242.2617493822836        2.8785705393729795E-010   3.0314850717900009E-011
   2.7930664579542928        11268403.692532687        289862.38607551815        1.0235948185975377E-005   4187.9577103512756        2.7434429127007636E-010   2.8514144594666690E-011
   2.8151189251411188        10923338.708674923        294349.69829561928        9.8015709478917140E-006   4133.8683916547861        2.6142186607283981E-010   2.6813150792548604E-011
   2.8374416619737381        10587688.183233751        298918.69630146970        9.3834263408588313E-006   4080.0033489489133        2.4906590624593915E-010   2.5206812384948800E-011
   2.8600379808108460        10261228.819411214        303571.27466214559        8.9810099384968766E-006   4026.3720130768529        2.3725343227489352E-010   2.3690302733372674E-011
   2.8829112346065964        9943742.3000011910        308309.36507147615        8.5938291404471174E-006   3972.9836870154400        2.2596232489802433E-010   2.2259016246911968E-011
   2.9060648174081285        9635015.1445040572        313134.93645404273        8.2214029963641539E-006   3919.8475426047407        2.1517129404769033E-010   2.0908559468606471E-011
   2.9295021648591941        9334838.5723288972        318049.99501870928        7.8632620319165750E-006   3866.9726170655999        2.0485984900556640E-010   1.9634742477153154E-011
   2.9532267547099549        9043008.3717627879        323056.58425933286        7.5189480766407529E-006   3814.3678093219391        1.9500826971593341E-010   1.8433570593070622E-011
   2.9772421073330273        8759324.7744283713        328156.78489552380        7.1880140935376904E-006   3762.0418761369851        1.8559757920620464E-010   1.7301236379155327E-011
   3.0015517862458543        8483592.3349374905        333352.71475318976        6.8700240102691540E-006   3710.0034280800032        1.7660951706571704E-010   1.6234111925375679E-011
   3.0261593986394781        8215619.8155013025        338646.52857785963        6.5645525518672696E-006   3658.2609253328801        1.6802651393920006E-010   1.5228741408998645E-011
   3.0510685959137915        7955220.0752354478        344040.41777937795        6.2711850748341191E-006   3606.8226733743072        1.5983166699175502E-010   1.4281833920891694E-011
   3.0762830742193512        7702209.9639530610        349536.61010217242        5.9895174025649543E-006   3555.6968185503501        1.5200871630848402E-010   1.3390256549570137E-011
   3.1018065750058317        7456410.2202191614        355137.36921734561        5.7191556619972392E-006   3504.8913435425738        1.4454202219330349E-010   1.2551027714720897E-011
   3.1276428855772016        7217645.3734758254        360844.99423280032        5.4597161214222636E-006   3454.4140627999732        1.3741654333326562E-010   1.1761310742223319E-011
   3.1537958396536978        6985743.6500501800        366661.81911537511        5.2108250293930235E-006   3404.2726179370620        1.3061781579994486E-010   1.1018407673080930E-011
   3.1802693179406978        6760536.8828643393        372590.21202239953        4.9721184546623989E-006   3354.4744731429851        1.2413193286030118E-010   1.0319753298825999E-011
   3.2070672487045528        6541860.4246948650        378632.57453568553        4.7432421271167201E-006   3305.0269106540936        1.1794552557271996E-010   9.6629094162816995E-012
   3.2341936083554876        6329553.0648132758        384791.34079481079        4.5238512796420543E-006   3255.9370263230580        1.1204574414624979E-010   9.0455592947341029E-012
   3.2616524220376397        6123456.9488698831        391068.97652406123        4.3136104908955860E-006   3207.2117253504057        1.0642024004325334E-010   8.4655023488277065E-012
   3.2894477642263253        5923417.5018794518        397467.97794808500        4.1121935289439789E-006   3158.8577182402455        1.0105714880772418E-010   7.9206490106801958E-012
   3.3175837593326376        5729283.3541688835        403990.87059154641        3.9192831957329893E-006   3110.8815170416360        9.5945073603385859E-011   7.4090157949120014E-012
   3.3460645823154409        5540906.2701624269        410640.20795815717        3.7345711723655504E-006   3063.2894319584329        9.1073069446998383E-011   6.9287205504882178E-012
   3.3748944593008754        5358141.0798808523        417418.57008456322        3.5577578651683321E-006   3016.0875684206867        8.6430628123093477E-011   6.4779778934512513E-012
   3.4040776682094509        5180845.6130313855        424328.56196673220        3.3885522525250910E-006   2969.2818247046653        8.2007663766854587E-011   6.0550948148092077E-012
   3.4336185393908236        5008880.6355670486        431372.81185524689        3.2266717324581914E-006   2922.8778902208087        7.7794499100589831E-011   5.6584664580000674E-012
   3.4635214562663581        4842109.7885827534        438553.96941754851        3.0718419709286183E-006   2876.8812445687959        7.3781852307764501E-011   5.2865720605259352E-012
   3.4937908559795576        4680399.5294223716        445874.70376574411        2.9237967508334564E-006   2831.2971574914905        6.9960824524915330E-011   4.9379710545259498E-012
   3.5244312300544713        4523619.0748707075        453337.70135292958        2.7822778216816103E-006   2786.1306898547914        6.6322887927027273E-011   4.6112993212478598E-012
   3.5554471250621700        4371640.3463097503        460945.66374563868        2.6470347499326015E-006   2741.3866957827481        6.2859874374932998E-011   4.3052655945674071E-012
   3.5868431432953867        4224337.9167122627        468701.30528320430        2.5178247699752253E-006   2697.0698260955110        5.9563964583038190E-011   4.0186480088536155E-012
   3.6186239434514307        4081588.9593307432        476607.35063772800        2.3944126357034597E-006   2653.1845331502495        5.6427677753512284E-011   3.7502907866483451E-012
   3.6507942413234633        3943273.1979172844        484666.53229198552        2.2765704726216209E-006   2609.7350771874035        5.3443861606508792E-011   3.4991010617479451E-012
   3.6833588105002573        3809272.8583169710        492881.58796238742        2.1640776304097997E-006   2566.7255342503545        5.0605682717771335E-011   3.2640458334766816E-012
   3.7163224830745198        3679472.6212977320        501255.25799963297        2.0567205358880380E-006   2524.1598056814787        4.7906617054587792E-011   3.0441490481550431E-012
   3.7496901503599052        3553759.5764694209        509790.28281917301        1.9542925462915461E-006   2482.0416291888523        4.5340440576742509E-011   2.8384888038596644E-012
   3.7834667636168122        3432023.1771807419        518489.40041488194        1.8565938027778991E-006   2440.3745913287503        4.2901219747547490E-011   2.6461946747794602E-012
   3.8176573347870773        3314155.1962619135        527355.34402877477        1.7634310840421242E-006   2399.1621412139712        4.0583301776700051E-011   2.4664451514733483E-012
   3.8522669372376686        3200049.6825075052        536390.84004803025        1.6746176599051536E-006   2358.4076050627350        3.8381304401781990E-011   2.2984651934332967E-012
   3.8873007065135008        3089602.9178345883        545598.60622981354        1.5899731447551847E-006   2318.1142011283223        3.6290105007837744E-011   2.1415238903746741E-012
   3.9227638410994730        2982713.3750225147        554981.35032746370        1.5093233506341372E-006   2278.2850543043887        3.4304828891293400E-011   1.9949322285226839E-012
   3.9586616031918389        2879281.6762009673        564541.76929153560        1.4325001400408328E-006   2238.9232097891172        3.2420836503987396E-011   1.8580409584126520E-012
   3.9949993194790485        2779210.5515923635        574282.54900651588        1.3593412777129959E-006   2200.0316443275869        3.0633709554083441E-011   1.7302385594309964E-012
   4.0317823819321390        2682404.7997550359        584206.36517468351        1.2896902827567172E-006   2161.6132753514539        2.8939235940596222E-011   1.6109492987849281E-012
   4.0690162486048296        2588771.2454057289        594315.88434402668        1.2233962765016875E-006   2123.6709625721360        2.7333393535468576E-011   1.4996313746160720E-012
   4.1067064444434092        2498218.7036370300        604613.76890292065        1.1603138368385791E-006   2086.2075117849058        2.5812333116151146E-011   1.3957751516681121E-012
   4.1448585621065561        2410657.9262014222        615102.67636971991        1.1003028297718480E-006   2049.2256484996483        2.4372360498509192E-011   1.2989014500883222E-012
   4.1834782627952096        2326001.6222019093        625785.27278865827        1.0432283174501793E-006   2012.7280639585108        2.3009919517799200E-011   1.2085600024940613E-012
   4.2225712770926007        2244164.5808604257        636664.12497936306        9.8896047716994961E-007   1976.7174077503012        2.1721577471753617E-011   1.1243280433730340E-012
   4.2621434058145873        2165065.7899781787        647741.24236344034        9.3737610270433758E-007   1941.1977925081612        2.0504038949580158E-011   1.0458110193670533E-012
   4.3022005208704108        2088640.0327301163        659013.92539483414        8.8836618070101629E-007   1906.1813144234115        1.9354296356659363E-011   9.7265189749299892E-013
   4.3427485661339951        2014772.5312026439        670495.70366832195        8.4179029313872089E-007   1871.6496028719273        1.8268681359911890E-011   9.0446647331744877E-013
   4.3837935583259275        1943396.9586331479        682185.76939557341        7.9754553650964458E-007   1837.6111911686860        1.7244278743444942E-011   8.4093912884314146E-013
   4.4253415879062530        1874439.7484178573        694086.03680907818        7.5552679700332303E-007   1804.0692640774600        1.6278103128649609E-011   7.8176531506909023E-013
   4.4673988199782073        1807828.4604660582        706198.68851903849        7.1563267017611796E-007   1771.0266327212066        1.5367220663020622E-011   7.2665894418906585E-013
   4.5099714952030228        1743487.8012106563        718527.17225310626        6.7776245536531849E-007   1738.4821460942846        1.4508705278022217E-011   6.7534800744567474E-013
   4.5530659307259489        1681354.6976248685        731072.26274023950        6.4182691109650716E-007   1706.4432795643479        1.3699826344103209E-011   6.2758640912695729E-013
   4.5966885211136237        1621339.6915094354        743841.92186488595        6.0772035982014852E-007   1674.8918038719157        1.2937606061806086E-011   5.8312106433598871E-013
   4.6408457393029323        1563429.8835368352        756825.38126232941        5.7539448248757993E-007   1643.8799576934327        1.2219985137867382E-011   5.4177337511632445E-013
   4.6855441375614877        1507413.8177503741        770061.44269727345        5.4466118319173624E-007   1613.2600725126647        1.1542848332414290E-011   5.0322472474494418E-013
   4.7307903484598963        1453125.0860972055        783704.99856154725        5.1535233660733572E-007   1582.8547301948029        1.0902985835460673E-011   4.6720830661540978E-013
   4.7764507604017741        1400202.6273241253        797754.18981663580        4.8713314739261812E-007   1552.1283739232952        1.0295883440188946E-011   4.3332923189883670E-013
   4.8222497988255366        1350383.1646192011        811984.12252488371        4.6116597708831415E-007   1523.0247554969376        9.7367747228423093E-012   4.0265390294625143E-013
   4.8680488372492992        1300563.7019142769        826214.05523313151        4.3519880678401030E-007   1491.7611412850667        9.1955264589911532E-012   3.7293380090163018E-013
   4.9138478756730617        1250744.2392093530        840443.98794137943        4.0923163647970660E-007   1458.0809209704871        8.6723797436770295E-012   3.4417389094194393E-013
