  0.99980789128900560        123076922991716.00        0.0000000000000000        12.130202167038773        879.00000000006855        7.1969303173189183E-007   1.3143815999750068E-010
   1.0000000000000000        123076922991716.00        0.0000000000000000        12.130202167038773        878.99999875692254        7.2807771582064789E-007   1.3332222577176450E-010
   1.0001921087109944        122340100517933.69       -414.85855979265813        12.070338228717484        879.92989212367286        7.3222729234865651E-007   1.3459616469198080E-010
   1.0003842174219888        120962471311729.22        30.040075709373586        11.933862098479386        879.88887646769183        7.3251980422100363E-007   1.3500694817311642E-010
   1.0005763261329832        119735219924200.11      -0.73625147628653764        11.805603615046648        879.35399981267904        7.3361977549673327E-007   1.3548609224523548E-010
   1.0007684348439776        118364865578935.28        4.6008513463212264        11.677554976665062        879.88633398596119        7.3374785834551663E-007   1.3596604133121711E-010
   1.0009605435549720        116463093972232.14        1.2331774207758694        11.552015540214448        884.64066808193957        7.3042427394858329E-007   1.3651155120851954E-010
   1.0011526522659662        113823500017912.34        2.4677575259359896        11.428734517697208        895.49603250793507        7.2218067655900081E-007   1.3713486592185219E-010
   1.0013447609769606        110602590693841.81        2.6398690738377315        11.308731620456429        911.89755757846444        7.0980150533592874E-007   1.3782721819265619E-010
   1.0015368696879550        107198120628489.61        3.4606620012946934        11.192292623509307        931.17077406119756        6.9569559872580790E-007   1.3854653782506780E-010
   1.0017289783989494        104053642194561.67        3.9490318534571953        11.079415404348365        949.63564638290120        6.8271831367607712E-007   1.3924294573240346E-010
   1.0019210871099438        101506710893738.50        4.2096537715178171        10.969620507582379        963.81636099444643        6.7318042396709309E-007   1.3987299965995660E-010
   1.0021131958209382        99679114857288.984        4.0758371980947743        10.862203385580376        971.87677065559490        6.6806367378358578E-007   1.4041728277796984E-010
   1.0023053045319326        98451475252131.422        3.7523620955753727        10.756451935205725        974.41566159786407        6.6675773091205013E-007   1.4088734527748547E-010
   1.0024974132429270        97582075138230.125        3.4392003126155277        10.651856076575966        973.53749400499896        6.6777393488104977E-007   1.4131262745205544E-010
   1.0026895219539214        96847105672838.844        3.2263574423780050        10.548154558061738        971.37579938874819        6.6966407488122516E-007   1.4172173992835657E-010
   1.0028816306649158        96094014873713.328        3.1500790732113155        10.445286128407149        969.44113129111633        6.7139944881026288E-007   1.4213462396672802E-010
   1.0030737393759099        95258611379850.453        3.1890917375224257        10.343305014027543        968.39496774399288        6.7252046918772616E-007   1.4255985187446597E-010
   1.0032658480869043        94348688440461.453        3.2826692004620130        10.242294492907284        968.18606747171907        6.7305720689728619E-007   1.4299650046807702E-010
   1.0034579567978987        93403715559289.578        3.3756771652778701        10.142311612861752        968.43445634532031        6.7327033616947080E-007   1.4343931830760679E-010
   1.0036500655088931        92459754343779.812        3.4422820819383979        10.043372915487710        968.77804472013031        6.7340999734677755E-007   1.4388338911151334E-010
   1.0038421742198875        91534596581432.000        3.4836805483675337        9.9454665569602945        969.03022364109142        6.7360527830790905E-007   1.4432622096598539E-010
   1.0040342829308819        90630015087054.594        3.5128339548877672        9.8485706986606001        969.16692938128131        6.7387292822946807E-007   1.4476753005749910E-010
   1.0042263916418763        89740598363535.891        3.5413471064641104        9.7526656938888578        969.24106701578910        6.7417649812812445E-007   1.4520806126827046E-010
   1.0044185003528707        88860935309306.453        3.5743119291054914        9.6577377050638393        969.30835271352396        6.7447754358226296E-007   1.4564858101294665E-010
   1.0046106090638651        87988415441400.547        3.6115519064537098        9.5637771019036677        969.39634215052422        6.7475704547588949E-007   1.4608946301863820E-010
   1.0048027177748595        87122821072188.250        3.6509398980322212        9.4707756915036789        969.50721945680652        6.7501352500211052E-007   1.4653073288518985E-010
   1.0049948264858539        86264909212717.000        3.6907597507259937        9.3787249677139251        969.63225848202217        6.7525306269004461E-007   1.4697226891277729E-010
   1.0051869351968481        85415385513342.266        3.7303705413853732        9.2876156568843395        969.76287223797499        6.7548165315630815E-007   1.4741395384021578E-010
   1.0053790439078425        84574575405022.234        3.7698501446750274        9.1974379614157691        969.89442463340924        6.7570256106580612E-007   1.4785572632508720E-010
   1.0055711526188369        83742511285091.641        3.8094686746332149        9.1081819151059253        970.02546619880229        6.7591684589696742E-007   1.4829756954157568E-010
   1.0057632613298313        82919104769440.922        3.8494082519648849        9.0198375960723709        970.15590700986718        6.7612462520920755E-007   1.4873948549904401E-010
   1.0059553700408257        82104248835320.453        3.8897288441319509        8.9323951964254444        970.28588710785368        6.7632585655474218E-007   1.4918147928385106E-010
   1.0061474787518201        81297844310335.984        3.9304325525351573        8.8458450270384663        970.41547247535766        6.7652054813530833E-007   1.4962355484615944E-010
   1.0063395874628145        80499795003608.547        3.9715156668814151        8.7601775123664183        970.54470927897762        6.7670872129646640E-007   1.5006571577244793E-010
   1.0065316961738091        79710002591476.859        4.0129845451826922        8.6753831905749781        970.67368508486402        6.7689036812795262E-007   1.5050796614098563E-010
   1.0067238048848044        78928368116019.047        4.0548480845566806        8.5914527150337303        970.80251260611760        6.7706546272438196E-007   1.5095031028782108E-010
   1.0069159135958028        78154795469449.969        4.0971128718119862        8.5083768529208932        970.93128741430382        6.7723399053683975E-007   1.5139275221910396E-010
   1.0071080223068127        77389192663514.953        4.1397789903778994        8.4261464811424673        971.06007055278360        6.7739596045619768E-007   1.5183529537348212E-010
   1.0073001310178693        76631470733379.797        4.1828510244197963        8.3447525826192201        971.18890014660894        6.7755139678393520E-007   1.5227794279112529E-010
   1.0074922397291128        75881542434554.109        4.2263232995339948        8.2641862429755921        971.31780647945698        6.7770032875742661E-007   1.5272069732368730E-010
   1.0076843484411036        75139322481433.375        4.2702230015482279        8.1844386503174267        971.44680844045570        6.7784279320279505E-007   1.5316356162787736E-010
   1.0078764571560832        74404729019416.297        4.3144828831134472        8.1055010872196398        971.57589272627490        6.7797884867585155E-007   1.5360653781417029E-010
   1.0080685658830191        73677684460250.703        4.3592361345076762        8.0273649390611244        971.70500220434496        6.7810858506893898E-007   1.5404962766115613E-010
   1.0082606746577789        72958113170220.125        4.4038894121731147        7.9500216524879121        971.83405943665628        6.7823210585963205E-007   1.5449283273964961E-010
   1.0084527836238351        72245937639187.891        4.4492043954886231        7.8734628179139277        971.96302745099035        6.7834950003479709E-007   1.5493615891886265E-010
   1.0086448933550769        71541069641655.328        4.4902720546103030        7.7976798663101397        972.09199413183705        6.7846078542440437E-007   1.5537961972992224E-010
   1.0088370061470613        70843416024610.500        4.5315282887505335        7.7226644982399337        972.22115308409184        6.7856607177956308E-007   1.5582327728160326E-010
   1.0090291311820152        70152847968121.305        4.5387083817821328        7.6484056170397636        972.35084496782667        6.7866571594974088E-007   1.5626731289389495E-010
   1.0092213051888481        69469237341408.633        4.5865450361934990        7.5748880759246173        972.48089508143778        6.7876247714496610E-007   1.5671251917664438E-010
   1.0094136750831968        68792088770660.102        4.7815716809987601        7.5020487887624334        972.61009958026250        6.7886516186794229E-007   1.5716149859629230E-010
   1.0096068285276081        68119364863196.578        4.8415379309422377        7.4296542821984008        972.73692245173572        6.7898234302245906E-007   1.5761769523443430E-010
   1.0098017826163401        67447806930227.164        4.7014807318668401        7.3573310432762202        972.85888093329254        6.7911203146969026E-007   1.5808213233497328E-010
   1.0099992719651216        66775201457255.438        4.6966344048896795        7.2848167286071597        972.97303575149590        6.7924717146336080E-007   1.5855372552096797E-010
   1.0101995031270232        66101063486068.055        4.8033177178232807        7.2120529834415121        973.07841977398709        6.7938517260755154E-007   1.5903202924302088E-010
   1.0104025141675870        65425439185984.047        4.8719901424465544        7.1390552488441328        973.17618742147988        6.7952571317642903E-007   1.5951732205203263E-010
   1.0106083436808326        64748249946127.648        4.9264409901211801        7.0658348640622641        973.26885054757599        6.7966712766861753E-007   1.6000981288190514E-010
   1.0108170307965938        64069360714810.250        4.9824228537436106        6.9924013781053045        973.35963506518419        6.7980704486829874E-007   1.6050967508977556E-010
   1.0110286151879571        63388685199743.508        5.0388829849510612        6.9187649180844604        973.45123795095094        6.7994346986159744E-007   1.6101707904413092E-010
   1.0112431370788046        62706226842392.930        5.0971425163879420        6.8449358119670141        973.54510918406208        6.8007525335981311E-007   1.6153217465325636E-010
   1.0114606372514610        62022064779439.734        5.1568384365422073        6.7709247184735126        973.64162212399970        6.8020199476424871E-007   1.6205509912142670E-010
   1.0116811570544446        61336314577176.273        5.2180876323117937        6.6967425051911498        973.74061875055179        6.8032365795996671E-007   1.6258598399538191E-010
   1.0119047384103310        60649099300422.508        5.2808529967940654        6.6224002493610703        973.84184397622903        6.8044027227985138E-007   1.6312496244788807E-010
   1.0121314238237207        59960537956354.391        5.3451939327938227        6.5479092270654435        973.94512602268208        6.8055180636471055E-007   1.6367217188775110E-010
   1.0123612563893207        59270744194266.570        5.4111566474325876        6.4732809215873921        974.05040382572884        6.8065814940572319E-007   1.6422775451053452E-010
   1.0125942798001366        58579828295164.492        5.4788021732725678        6.3985270271155592        974.15770101290025        6.8075912906745959E-007   1.6479185693190459E-010
   1.0128305383557790        57887899822607.781        5.5481898614805525        6.3236594513783624        974.26708673862765        6.8085453873418006E-007   1.6536462966963617E-010
   1.0130700769708858        57195069976140.008        5.6193799253842203        6.2486903144971944        974.37863814035927        6.8094416357725859E-007   1.6594622664334576E-010
   1.0133129411836599        56501452934467.586        5.6924303894585258        6.1736319454369175        974.49241705850136        6.8102779675133204E-007   1.6653680490963332E-010
   1.0135591771645267        55807165936919.992        5.7673987720711821        6.0984968770649823        974.60846680610189        6.8110524163982051E-007   1.6713652470584373E-010
   1.0138088317249123        55112328554091.594        5.8443445887999186        6.0232978413148475        974.72682305021794        6.8117630432576437E-007   1.6774554972216024E-010
   1.0140619523261418        54417061892702.391        5.9233304943231397        5.9480477649791617        974.84752680487543        6.8124078457938765E-007   1.6836404740207377E-010
   1.0143185870884621        53721488218374.711        6.0044235135101651        5.8727597659845117        974.97063093991312        6.8129847136544125E-007   1.6899218914580451E-010
   1.0145787848001908        53025731022771.883        6.0876936897821787        5.7974471495706927        975.09619901653855        6.8134914367999732E-007   1.6963015039460440E-010
   1.0148425949269897        52329915282194.984        6.1732138240655257        5.7221234038978919        975.22430036224864        6.8139257400106621E-007   1.7027811065936902E-010
   1.0151100676212703        51634167655772.125        6.2610589177771363        5.6468021950115954        975.35500576641050        6.8142853130296007E-007   1.7093625356113468E-010
   1.0153812537317271        50938616522276.359        6.3513066876274822        5.5714973612803540        975.48838581830080        6.8145678225095690E-007   1.7160476692133585E-010
   1.0156562048130044        50243391892450.203        6.4440372280047802        5.4962229074536042        975.62451144800082        6.8147709085699677E-007   1.7228384288761363E-010
   1.0159349731354981        49548625281521.875        6.5393345208110212        5.4209929985172840        975.76345525915076        6.8148921759883981E-007   1.7297367807847544E-010
   1.0162176116952919        48854449600992.297        6.6372853595155412        5.3458219533215727        975.90529254345154        6.8149291875698646E-007   1.7367447372443819E-010
   1.0165041742242327        48160999083251.094        6.7379807766537452        5.2707242379465233        976.05010166565364        6.8148794619203609E-007   1.7438643580266791E-010
   1.0167947152001446        47468409224873.766        6.8415148421558207        5.1957144587648472        976.19796404054796        6.8147404741852823E-007   1.7510977517182569E-010
   1.0170892898571868        46776816730305.133        6.9479859094004413        5.1208073551721771        976.34896402682512        6.8145096572811975E-007   1.7584470770635552E-010
   1.0173879541963533        46086359447365.250        7.0574960850196504        5.0460177920268308        976.50318891897246        6.8141844024256750E-007   1.7659145443480463E-010
   1.0176907649961195        45397176294205.445        7.1701515772907625        4.9713607517385823        976.66072905958106        6.8137620591176906E-007   1.7735024169199264E-010
   1.0179977798232358        44709407181599.727        7.2860632637288285        4.8968513260845228        976.82167798871455        6.8132399345859448E-007   1.7812130126695631E-010
   1.0183090570436719        44023192932302.203        7.4053461436362706        4.8225047076959759        976.98613261078526        6.8126152933972283E-007   1.7890487056305575E-010
   1.0186246558337126        43338675198498.078        7.5281204758319591        4.7483361812557296        977.15419334687681        6.8118853570561842E-007   1.7970119275815030E-010
   1.0189446361912071        42655996377196.266        7.6545111972110149        4.6743611144046753        977.32596427946385        6.8110473036715229E-007   1.8051051696865739E-010
   1.0192690589469764        41975299522789.156        7.7846487042513148        4.6005949483321897        977.50155330944995        6.8100982677296138E-007   1.8133309842349962E-010
   1.0195979857763764        41296728256921.562        7.9186687502217072        4.5270531880855183        977.68107231757585        6.8090353397556196E-007   1.8216919863955048E-010
   1.0199314792110228        40620426675628.680        8.0567130330603298        4.4537513925885763        977.86463733486676        6.8078555659439428E-007   1.8301908560222666E-010
   1.0202696026506806        39946539253813.969        8.1989290411202145        4.3807051643704593        978.05236872385592        6.8065559478069858E-007   1.8388303395327610E-010
   1.0206124203753146        39275210747551.078        8.3454709618844607        4.3079301390278006        978.24439135819478        6.8051334417969508E-007   1.8476132518158522E-010
   1.0209599975573116        38606586093675.562        8.4964992158035511        4.2354419744061120        978.44083481649761        6.8035849589135223E-007   1.8565424782125467E-010
   1.0213124002738683        37940810306843.680        8.6521815936299244        4.1632563395196032        978.64183358871446        6.8019073642605834E-007   1.8656209765550048E-010
   1.0216696955195548        37278028374416.586        8.8126929158907874        4.0913889032229385        978.84752729282934        6.8000974766546449E-007   1.8748517792918542E-010
   1.0220319512190499        36618385149066.625        8.9782158392096569        4.0198553226214351        979.05806088959741        6.7981520680270341E-007   1.8842379955931933E-010
   1.0223992362400540        35962025239427.258        9.1489410453006990        3.9486712312577414        979.27358491477025        6.7960678630037352E-007   1.8937828135995559E-010
   1.0227716204063817        35309092898421.328        9.3250676570374988        3.8778522270610085        979.49425572178166        6.7938415383204546E-007   1.9034895026949291E-010
   1.0231491745112358        34659731910008.527        9.5068037231058415        3.8074138600827681        979.72023572802937        6.7914697223104615E-007   1.9133614158625306E-010
   1.0235319703306665        34014085473921.434        9.6943666010192970        3.7373716200288674        979.95169367252186        6.7889489942462735E-007   1.9234019920735712E-010
   1.0239200806372144        33372296088459.004        9.8879835242297389        3.6677409236001974        980.18880489841126        6.7862758837207603E-007   1.9336147588017983E-010
   1.0243135792137479        32734505431771.109        10.087891949989933        3.5985371016507979        980.43175163744672        6.7834468698671729E-007   1.9440033345464879E-010
   1.0247125408674873        32100854241658.777        10.294340258382075        3.5297753861824939        980.68072331255973        6.7804583806055052E-007   1.9545714314633820E-010
   1.0251170414442285        31471482194118.398        10.507588211073172        3.4614708971935464        980.93591684965190        6.7773067917926785E-007   1.9653228580437339E-010
   1.0255271578427603        30846527780587.223        10.727907568080372        3.3936386293882874        981.19753700931813        6.7739884263589897E-007   1.9762615218961466E-010
   1.0259429680294845        30226128184303.141        10.955582627968459        3.3262934387669838        981.46579672602331        6.7704995533756009E-007   1.9873914325838499E-010
   1.0263645510532367        29610419155900.965        11.190911202319073        3.2594500291263202        981.74091745763405        6.7668363870066042E-007   1.9987167045081741E-010
   1.0267919870603155        28999534888263.297        11.434204776322630        3.1931229384651205        982.02312955643959        6.7629950855443558E-007   2.0102415599350812E-010
   1.0272253573097188        28393607890791.754        11.685789819854389        3.1273265253262932        982.31267265000952        6.7589717502300624E-007   2.0219703320364333E-010
   1.0276647441885902        27792768863406.109        11.946008073815884        3.0620749550995798        982.60979604027352        6.7547624240755672E-007   2.0339074680388027E-010
   1.0281102312278838        27197146570440.410        12.215217946861690        2.9973821863016390        982.91475911589282        6.7503630905954048E-007   2.0460575324379730E-010
   1.0285619031182420        26606867714478.531        12.493794612889369        2.9332619568405298        983.22783178610109        6.7457696725388611E-007   2.0584252103324804E-010
   1.0290198457260971        26022056810628.273        12.782131778494326        2.8697277703002415        983.54929491382222        6.7409780304009177E-007   2.0710153107421728E-010
   1.0294841461099948        25442836061025.141        13.080642110396143        2.8067928822758694        983.87944078948624        6.7359839610307502E-007   2.0838327701264749E-010
   1.0299548925371451        24869325229875.426        13.389758357112214        2.7444702867503556        984.21857361003356        6.7307831959507281E-007   2.0968826558805624E-010
   1.0304321745002016        24301641519509.207        13.709934776250222        2.6827727025711159        984.56700998333213        6.7253713997731070E-007   2.1101701699922205E-010
   1.0309160827342760        23739899447391.625        14.041647834584671        2.6217125600300255        984.92507944530394        6.7197441683465984E-007   2.1237006526982987E-010
   1.0314067092341868        23184210724578.930        14.385397951673811        2.5613019875739771        985.29312499871503        6.7138970270332508E-007   2.1374795863048229E-010
   1.0319041472719488        22634684135701.770        14.741710206239709        2.5015527986678516        985.67150365970917        6.7078254287549229E-007   2.1515125990045807E-010
   1.0324084914145044        22091425420934.699        15.111136558879871        2.4424764788464439        986.06058701757297        6.7015247520871446E-007   2.1658054688023503E-010
   1.0329198375417010        21554537159643.207        15.494256464541898        2.3840841729689095        986.46076182791160        6.6949902992802452E-007   2.1803641275587224E-010
   1.0334382828645203        21024118656331.648        15.891678953097850        2.3263866726930442        986.87243060413596        6.6882172940506566E-007   2.1951946649983371E-010
   1.0339639259435569        20500265828971.816        16.304044633473818        2.2693944042333345        987.29601224890791        6.6812008794487206E-007   2.2103033328987838E-010
   1.0344968667077563        19983071100019.402        16.732026162121208        2.2131174163697627        987.73194268721727        6.6739361156444938E-007   2.2256965493037427E-010
   1.0350372064734130        19472623290365.398        17.176332138686085        2.1575653687860727        988.18067551441140        6.6664179775182316E-007   2.2413809027403510E-010
   1.0355850479634299        18969007516600.102        17.637706993640393        2.1027475207395412        988.64268266144848        6.6586413524766510E-007   2.2573631566051787E-010
   1.0361404953268483        18472305091683.367        18.116934860075876        2.0486727200777968        989.11845505275210        6.6506010380418431E-007   2.2736502534749966E-010
   1.0367036541586461        17982593429157.723        18.614840698713483        1.9953493926586017        989.60850329682012        6.6422917395993585E-007   2.2902493195910254E-010
   1.0372746315198134        17499945951047.293        19.132293365141845        1.9427855321669099        990.11335837729757        6.6337080679037391E-007   2.3071676692695107E-010
   1.0378535359577050        17024431999717.594        19.670207802989033        1.8909886903754030        990.63357236944978        6.6248445366950632E-007   2.3244128094351740E-010
   1.0384404775266758        16556116754014.719        20.229548078727831        1.8399659678647928        991.16971915725742        6.6156955602346762E-007   2.3419924441269616E-010
   1.0390355678090042        16095061150010.111        20.811329918469120        1.7897240052288803        991.72239515162744        6.6062554509956776E-007   2.3599144790634763E-010
   1.0396389199361040        15641321806712.131        21.416624396016939        1.7402689747953046        992.29221998987532        6.5965184174389601E-007   2.3781870261768549E-010
   1.0402506486100311        15194950956639.051        22.046560442895302        1.6916065728738816        992.87983723625530        6.5864785620187240E-007   2.3968184082308190E-010
   1.0408708701252902        14755996381483.520        22.702329096721737        1.6437420125599227        993.48591506753758        6.5761298792666628E-007   2.4158171634175778E-010
   1.0414997023909429        14324501353052.197        23.385186831292803        1.5966800171239259        994.11114695130709        6.5654662541230517E-007   2.4351920500349285E-010
   1.0421372649530232        13900504579548.652        24.096459558858935        1.5504248139919827        994.75625230945070        6.5544814605360338E-007   2.4549520512620602E-010
   1.0427836790172644        13484040157476.215        24.837547081661754        1.5049801293520286        995.42197716209182        6.5431691604583685E-007   2.4751063801236498E-010
   1.0434390674721405        13075137529500.381        25.609927482797929        1.4603491834024755        996.10909473212894        6.5315229035128700E-007   2.4956644847901193E-010
   1.0441035549122293        12673821448268.389        26.415161900410293        1.4165346862553228        996.81840600919838        6.5195361275154177E-007   2.5166360544444561E-010
   1.0447772676618978        12280111946280.641        27.254899876820197        1.3735388345183763        997.55074027047419        6.5072021601361958E-007   2.5380310260670724E-010
   1.0454603337993185        11894024311927.062        28.130884524991831        1.3313633085688301        998.30695555134753        6.4945142222327636E-007   2.5598595927208417E-010
   1.0461528831808171        11515569071659.293        29.044958857569696        1.2900092705385970        999.08793907461734        6.4814654335045188E-007   2.5821322142066363E-010
   1.0468550474655602        11144751978426.195        29.999071437070082        1.2494773630206875        999.89460762197893        6.4680488214139131E-007   2.6048596312837835E-010
   1.0475669601405839        10781574006422.277        30.995283657691367        1.2097677085127350        1000.7279078553184        6.4542573349186225E-007   2.6280528853658329E-010
   1.0482887565461716        10426031352327.555        32.035776441943440        1.1708799096125837        1001.5888165675082        6.4400838649585905E-007   2.6517233462075685E-010
   1.0490205739015825        10078115442765.256        33.122857944715285        1.1328130499679037        1002.4783408881285        6.4255212743850449E-007   2.6758827512723229E-010
   1.0497625513311377        9737812948064.2246        34.258971800110871        1.0955656959995781        1003.3975184482458        6.4105624410832787E-007   2.7005432617879063E-010
   1.0505148298906708        9405105801970.3516        35.446705626867036        1.0591358994040203        1004.3474175479428        6.3952003190895275E-007   2.7257175422793545E-010
   1.0512775525943416        9079971227033.6152        36.688800346669481        1.0235212004413572        1005.3291373770634        6.3794280240994691E-007   2.7514188725983408E-010
   1.0520508644418249        8762381765377.8652        37.988160052573463       0.98871863202094545        1006.3438083585800        6.3632389515943396E-007   2.7776613041931521E-010
   1.0528349124458773        8452305314367.3975        39.347862668563138       0.95472472459383328        1007.3925927344360        6.3466269380444013E-007   2.8044598757583650E-010
   1.0536298456602833        8149705166598.9697        40.771171207021013       0.92153551186066884        1008.4766855383959        6.3295864778287204E-007   2.8318309070503598E-010
   1.0544358152081936        7854540053588.1240        42.261545754109079       0.88914653730348325        1009.5973161706264        6.3121130115431734E-007   2.8597923942175262E-010
   1.0552529743108534        7566764192338.4775        43.822656856051822       0.85755286156062349        1010.7557508568035        6.2942033037016887E-007   2.8883645344624005E-010
   1.0560814783167325        7286327333972.3936        45.458399067802517       0.82674907065622616        1011.9532963573736        6.2758559307732699E-007   2.9175704128242332E-010
   1.0569214847310560        7013174813505.5322        47.172906098242109       0.79672928509970820        1013.1913053921901        6.2570719025977667E-007   2.9474368884262321E-010
   1.0577731532457502        6747247599866.4570        48.970567401629381       0.76748716988643084        1014.4711843784992        6.2378554418085184E-007   2.9779957216291698E-010
   1.0586366457697987        6488482345261.1777        50.856044882014615       0.73901594541461657        1015.7944042027451        6.2182149462870476E-007   3.0092849863731688E-010
   1.0595121264600238        6236811433242.4004        52.834293126417656       0.71130839935566359        1017.1625148972784        6.1981641585527333E-007   3.0413508131066489E-010
   1.0603997617522944        5992163025018.9131        54.910578800631207       0.68435689950505896        1018.5771652452648        6.1777235627264596E-007   3.0742495062739296E-010
   1.0612997203931660        5754461104033.6445        57.090504948928938       0.65815340765116193        1020.0401284793853        6.1569220239749570E-007   3.1080500756579687E-010
   1.0622121734719612        5523625519134.1455        59.380034584666163       0.63268949449474798        1021.5533354141011        6.1357986763886895E-007   3.1428372122657567E-010
   1.0631372944532946        5299572027101.4932        61.785519489171797       0.60795635564720696        1023.1189165116190        6.1144050528913349E-007   3.1787147262336396E-010
   1.0640752592100504        5082212335923.3867        64.313730201406131       0.58394482874134823        1024.7392545343394        6.0928074349951985E-007   3.2158094461302931E-010
   1.0650262460568169        4871454151162.8760        66.971891196225300       0.56064541166973103        1026.4170494710315        6.0710893813749907E-007   3.2542755557456053E-010
   1.0659904357837866        4667201229286.4404        69.767718695453596       0.53804828195256127        1028.1553972912172        6.0493543730619260E-007   3.2942993162683298E-010
   1.0669680116911238        4469353443695.1953        72.709465566261628       0.51614331721729023        1029.9578837329850        6.0277284904965768E-007   3.3361040893796484E-010
   1.0679591596238127        4277806870645.2988        75.805969153652882       0.49492011672945502        1031.8286938335032        6.0063630139356442E-007   3.3799555412103976E-010
   1.0689640680069885        4092453902713.6558        79.066708169731839       0.47436802387624222        1033.7727374289136        5.9854368143839601E-007   3.4261668700980251E-010
   1.0699829278817576        3913183396441.6572        82.501863237723512       0.45447614945560305        1035.7957905436838        5.9651583779730267E-007   3.4751038647078579E-010
   1.0710159329415159        3739880858588.0996        86.122387679839377       0.43523339558125035        1037.9046525184078        5.9457672838555305E-007   3.5271895655597408E-010
   1.0720632795687726        3572428673269.4761        89.940084673804620       0.41662847998628061        1040.1073187225156        5.9275349377277995E-007   3.5829082751584007E-010
   1.0731251668724826        3410706371312.9888        93.967695222718191       0.39864996047024437        1042.4131683574794        5.9107643536111112E-007   3.6428086418031663E-010
   1.0742017967259005        3254590944472.6641        98.218997131566525       0.38128625921638393        1044.8331657665935        5.8957887804621758E-007   3.7075055326208741E-010
   1.0752933738049564        3103957210158.5249        102.70891533192435       0.36452568665210244        1047.3800714950446        5.8829689900204275E-007   3.7776804139457025E-010
   1.0764001056271677        2958678235482.4893        107.45364559764519       0.34835646446826884        1050.0686562670903        5.8726890789399441E-007   3.8540799740262951E-010
   1.0775222025910891        2818625830210.2056        112.47078955267294       0.33276674733557832        1052.9159076566254        5.8653506892070550E-007   3.9375127553088985E-010
   1.0786598780163119        2683671114642.2417        117.77950057198872       0.31774464277644943        1055.9412164429270        5.8613656119594852E-007   4.0288436118980402E-010
   1.0798133481840173        2553685159993.1040        123.40063830908093       0.30327822860577575        1059.1665284104704        5.8611468068804590E-007   4.1289858723204508E-010
   1.0809828323780930        2428539686871.0845        129.35692968000876       0.28935556735890572        1062.6164481606604        5.8650979397061851E-007   4.2388911672514282E-010
   1.0821685529268206        2308107794901.5933        135.67313448424909       0.27596471720467641        1066.3182842459487        5.8736016136580917E-007   4.3595369740718905E-010
   1.0833707352451423        2192264686837.9858        142.37621440823247       0.26309373899583649        1070.3020288440143        5.8870065485893081E-007   4.4919120315921906E-010
   1.0845896078775150        2080888346202.8528        149.49550404001613       0.25073069931872427        1074.6002691421947        5.9056140455758006E-007   4.6369998840057708E-010
   1.0858254025413570        1973860129526.3420        157.06288182498818       0.23886366963801148        1079.2480305254178        5.9296641641684484E-007   4.7957609175255311E-010
   1.0870783541710995        1871065241589.6521        165.11294058139163       0.22748072186764859        1084.2825529661031        5.9593221299932094E-007   4.9691133500444707E-010
   1.0883487009628505        1772393072299.0972        173.68315219548040       0.21656992089599872        1089.7430017435679        5.9946655729166517E-007   5.1579137172488286E-010
   1.0896366844196768        1677737384171.0391        182.81402328029407       0.20611931474279516        1095.6701124542017        6.0356732581765094E-007   5.3629374620270629E-010
   1.0909425493975160        1586996347793.0308        192.54923716964760       0.19611692313746645        1102.1057692987220        6.0822160012556147E-007   5.5848602733177394E-010
   1.0922665441517261        1500072428054.4309        202.93577340622272       0.18655072537104334        1109.0925158224145        6.1340504388178491E-007   5.8242408311938848E-010
   1.0936089203842798        1416872126943.9258        214.02400434803005       0.17740864832435155        1116.6729993946121        6.1908162543867294E-007   6.0815055953419684E-010
   1.0949699332916161        1337305590583.1230        225.86775924950203       0.16867855560403180        1124.8893547936752        6.2520373250764426E-007   6.3569362224149640E-010
   1.0963498416131541        1261286090530.7361        238.52435887482773       0.16034823873275353        1133.7825378771652        6.3171270685232717E-007   6.6506601149750335E-010
   1.0977489076804818        1188729393460.8354        252.05461584277094       0.15240541133410676        1143.3916265371420        6.3853980380660827E-007   6.9626444931643676E-010
   1.0991673974672287        1119553039406.7344        266.52280628150322       0.14483770720497591        1153.7531118503146        6.4560755566575095E-007   7.2926942443242323E-010
   1.1006055806396275        1053675556293.8085        281.99661290848655       0.13763268307019066        1164.9002065019408        6.5283149183462043E-007   7.6404536521433293E-010
   1.1020637306077814        991015646101.07324        298.54704668666261       0.13077782665062324        1176.8621994313694        6.6012214453769440E-007   8.0054119441602440E-010
   1.1035421245776398        931491384056.51868        316.24835011057070       0.12426057045057554        1189.6638848867349        6.6738724935092583E-007   8.3869124349788684E-010
   1.1050410436036995        875019475248.45215        335.17788826163087       0.11806831138853666        1203.3250907540646        6.7453403684605968E-007   8.7841648930078840E-010
   1.1065607726424340        821514611972.01465        355.41603169470346       0.11218843608344538        1217.8603255967807        6.8147150663270040E-007   9.1962606316416300E-010
   1.1081016006064663        770888969762.61768        377.04603604824968       0.10660835129083361        1233.2785569947969        6.8811257852244655E-007   9.6221897305673447E-010
   1.1096638204194935        723051870916.30176        400.15392089549323       0.10131551868964489        1249.5831262747638        6.9437602691506117E-007   1.0060859735002779E-009
   1.1112477290719740        677909632484.04675        424.82835239419722        9.6297492980261537E-002   1266.7717973641770        7.0018812245537231E-007   1.0511115163237226E-009
   1.1128536276775882        635365602713.60266        451.16053091748142        9.1541962086333653E-002   1284.8369309037837        7.0548392744792489E-007   1.0971757174008491E-009
   1.1144818215304813        595320377225.92798        479.24408802059281        8.7036788169945145E-002   1303.7657694059092        7.1020821604619870E-007   1.1441562800648333E-009
   1.1161326201633033        557672175182.87341        509.17499364084108        8.2770048172572080E-002   1323.5408154018810        7.1431601441340581E-007   1.1919303240478301E-009
   1.1178063374060538        522317347280.76477        541.05147673685747        7.8730072675101112E-002   1344.1402822594464        7.1777277776677961E-007   1.2403760786291125E-009
   1.1195032914457428        489150982108.87366        574.97396226134515        7.4905482017769365E-002   1365.5385966128681        7.2055423891588248E-007   1.2893744092849760E-009
   1.1212238048868806        458067575281.50330        611.04502469283182        7.1285218811666412E-002   1387.7069318906481        7.2264597563737608E-007   1.3388101575245937E-009
   1.1229682048128082        428961726502.09753        649.36936279476993        6.7858576192511261E-002   1410.6137540180769        7.2404275178064382E-007   1.3885732831646363E-009
   1.1247368228478782        401728832775.59692        690.05379410727085        6.4615221392593611E-002   1434.2253626842116        7.2474768966170734E-007   1.4385598064850298E-009
   1.1265299952204983        376265750670.33051        733.20727254372605        6.1545214422589416E-002   1458.5064143053964        7.2477132981670080E-007   1.4886725542886177E-009
   1.1283480628270532        352471406148.70679        778.94092838278652        5.8639021850716448E-002   1483.4204157442127        7.2413062953357794E-007   1.5388217188674265E-009
   1.1301913712967087        330247336393.97430        827.36813023355944        5.5887525830736022E-002   1508.9301806966841        7.2284794477771373E-007   1.5889252422755899E-009
   1.1320602710571208        309498153762.96338        878.60457015411407        5.3282028662559815E-002   1534.9982433419318        7.2095003220203659E-007   1.6389090405128811E-009
   1.1339551174010549        290131927114.76233        932.76836802381354        5.0814253265038217E-002   1561.5872261875522        7.1846709968134913E-007   1.6887070833378970E-009
   1.1358762705539283        272060480087.93652        989.98019710951132        4.8476340004394533E-002   1588.6601610351286        7.1543192591255247E-007   1.7382613458661665E-009
   1.1378240957422927        255199609322.04987        1050.3634257402312        4.6260840356015742E-002   1616.1807635880828        7.1187906250243843E-007   1.7875216480311000E-009
   1.1397989632632672        239469228141.95026        1114.0442762083615        4.4160707886631449E-002   1644.1136634467146        7.0784412587847735E-007   1.8364453975860953E-009
   1.1418012485549336        224793442917.28635        1181.1519967110426        4.2169287034192593E-002   1672.4245921277061        7.0336318141911293E-007   1.8849972517799868E-009
   1.1438313322677116        211100570280.07016        1251.8190459091775        4.0280300137449564E-002   1701.0805323307873        6.9847221837553638E-007   1.9331487121508833E-009
   1.1458896003367216        198323103765.26804        1326.1812867235576        3.8487833132191875E-002   1730.0498320170216        6.9320671136904609E-007   1.9808776661420851E-009
   1.1479764440551559        186397638364.93845        1404.3781897101485        3.6786320290024301E-002   1759.3022870191276        6.8760126236168965E-007   2.0281678884827464E-009
   1.1500922601486658        175264761077.73788        1486.5530416248359        3.5170528330733503E-002   1788.8091958925368        6.8168931584415649E-007   2.0750085144151833E-009
   1.1522374508507822        164868914904.43707        1572.8531603485312        3.3635540194193812E-002   1818.5433906000640        6.7550293942315839E-007   2.1213934959545373E-009
   1.1544124239793838        155158242977.09140        1663.4301130228444        3.2176738714314763E-002   1848.4792464356065        6.6907266187486583E-007   2.1673210514185033E-009
   1.1566175930142262        146084418683.12677        1758.4399371587951        3.0789790395985644E-002   1878.5926743479304        6.6242736093294595E-007   2.2127931174470551E-009
   1.1588533771755478        137602466813.39246        1858.0433633751952        2.9470629458415790E-002   1908.8610985510425        6.5559419349747200E-007   2.2578148116434795E-009
   1.1611202015037672        129670579960.93527        1962.4060393696516        2.8215442274429597E-002   1939.2634220370207        6.4859856151391013E-007   2.3023939129129697E-009
   1.1634184969402865        122249933650.26945        2071.6987536512161        2.7020652305340911E-002   1969.7799823157704        6.4146410739384348E-007   2.3465403654213806E-009
   1.1657487004094162        115304503001.37624        2186.0976596536625        2.5882905605352270E-002   2000.3924994441647        6.3421273351264491E-007   2.3902658110449202E-009
   1.1681112549014396        108800883134.15036        2305.7844986064870        2.4799056947420628E-002   2031.0840181471592        6.2686464096680620E-007   2.4335831541072205E-009
   1.1705066095568266        102708114999.44913        2430.9468215625607        2.3766156603967917E-002   2061.8388455937938        6.1943838339806192E-007   2.4765061612148947E-009
   1.1729352197516207        96997517880.477829        2561.7782103950690        2.2781437800771485E-002   2092.6424861784262        6.1195093227655606E-007   2.5190490981170483E-009
   1.1753975471840088        91642529436.055145        2698.4784967485621        2.1842304849766701E-002   2123.4815744582988        6.0441775056904383E-007   2.5612264047198057E-009
   1.1778940599620937        86618553850.575729        2841.2539799711058        2.0946321956652331E-002   2154.3438072174690        5.9685287219943570E-007   2.6030524086964082E-009
   1.1804252326928852        81902818406.052979        2990.3176431022757        2.0091202691476660E-002   2185.2178754810047        5.8926898514456285E-007   2.6445410776290141E-009
   1.1829915465725276        77474238591.832733        3145.8893670601847        1.9274800104268699E-002   2216.0933971556929        5.8167751638648720E-007   2.6857058091847709E-009
   1.1855934894777773        73313291711.256943        3308.1961433227007        1.8495097463461833E-002   2246.9608508560646        5.7408871727741693E-007   2.7265592585536678E-009
   1.1882315560587531        69401898824.436188        3477.4722850450598        1.7750199591732903E-002   2277.8115113803697        5.6651174816830677E-007   2.7671132022622258E-009
   1.1909062478329733        65723314776.080711        3653.9596358251706        1.7038324771606685E-002   2308.6373871949104        5.5895476139652828E-007   2.8073784373674294E-009
   1.1936180732806976        62262025992.975212        3837.9077782708014        1.6357797192131027E-002   2339.4311602287025        5.5142498194881477E-007   2.8473647151326169E-009
   1.1963675479415932        59003655690.918747        4029.5742395005173        1.5707039907200581E-002   2370.1861282066939        5.4392878529274540E-007   2.8870807083408651E-009
   1.1991551945127437        55934876102.983719        4229.2246970255046        1.5084568276107786E-002   2400.8961497043733        5.3647177202239519E-007   2.9265340115317959E-009
   1.2019815429480176        53043327326.043777        4437.1331820952746        1.4488983857315039E-002   2431.5555920627844        5.2905883908625095E-007   2.9657311735329251E-009
   1.2048471305588166        50317542377.492302        4653.5822834738728        1.3918968727073067E-002   2462.1592822716002        5.2169424746303068E-007   3.0046777617012925E-009
   1.2077525021162230        47746878057.197411        4878.8633495240665        1.3373280195482699E-002   2492.7024609022578        5.1438168622700351E-007   3.0433784572455031E-009
   1.2106982099545647        45321451218.500153        5113.2766910933233        1.2850745893659962E-002   2523.1807391494531        5.0712433299713390E-007   3.0818371808067212E-009
   1.2136848140764187        43032080065.331726        5357.1317838924806        1.2350259206918108E-002   2553.5900590288734        4.9992491080288412E-007   3.1200572471774017E-009
   1.2167128822590720        40870230108.553520        5610.7474719820502        1.1870775030078792E-002   2583.9266567576760        4.9278574141803883E-007   3.1580415475261957E-009
   1.2197829901624615        38827964432.941612        5874.4521724349042        1.1411305822400871E-002   2614.1870293367433        4.8570879522289079E-007   3.1957927568591395E-009
   1.2228957214386091        36897897945.501732        6148.5840818178840        1.0970917940876807E-002   2644.3679043386460        4.7869573765153400E-007   3.2333135636350456E-009
   1.2260516678425815        35073155295.853859        6433.4913856982703        1.0548728231985931E-002   2674.4662128881137        4.7174797227093130E-007   3.2706069175099631E-009
   1.2292514293449852        33347332179.292751        6729.5324709757224        1.0143900863210993E-002   2704.4790658092902        4.6486668052332859E-007   3.3076762901750324E-009
   1.2324956142460273        31714459752.971313        7037.0761432384261        9.7556443768856763E-003   2734.4037328891559        4.5805285814666740E-007   3.3445259431806215E-009
   1.2357848392911575        30168971914.784637        7356.5018487542502        9.3832089501180334E-003   2764.2376251865712        4.5130734827162303E-007   3.3811611956163401E-009
   1.2391197297883161        28705675212.848358        7688.1999025498353        9.0258838455945008E-003   2793.9782802841833        4.4463087118070602E-007   3.4175886835806402E-009
   1.2425009197268109        27319721171.128742        8032.5717239176611        8.6829950392164224E-003   2823.6233503539506        4.3802405070765778E-007   3.4538166026133900E-009
   1.2459290518978430        26006580833.210548        8390.0300788101031        8.3539030114533844E-003   2853.1705928708911        4.3148743725448552E-007   3.4898549237472352E-009
   1.2494047780167068        24762021341.758816        8760.9993314243693        8.0380006902565811E-003   2882.6178637701969        4.2502152740983023E-007   3.5257155735981765E-009
   1.2529287588466858        23582084385.793365        9145.9157042902716        7.7347115342875916E-003   2911.9631128131614        4.1862678016934889E-007   3.5614125690735015E-009
   1.2565016643246691        22463066361.308743        9545.2275477945022        7.4434877459953822E-003   2941.2043808787803        4.1230362978009166E-007   3.5969620977534343E-009
   1.2601241736885131        21401500103.356617        9959.3956191964480        7.1638086048826212E-003   2970.3397988724860        4.0605249526432723E-007   3.6323825359593075E-009
   1.2637969756061678        20394138059.271099        10388.893370879932        6.8951789120183671E-003   2999.3675879024745        3.9987378671420629E-007   3.6676943977981328E-009
   1.2675207683065994        19437936783.385593        10834.207247409528        6.6371275375208660E-003   3028.2860603518370        3.9376790849213678E-007   3.7029202101768303E-009
   1.2712962597125297        18530042643.410587        11295.836990107940        6.3892060633461752E-003   3057.0936214411909        3.8773525951528785E-007   3.7380843107356278E-009
   1.2751241675750160        17667778637.757229        11774.295948916541        6.1509875143400203E-003   3085.7887708743974        3.8177623085077737E-007   3.7732125679393497E-009
   1.2790052196099035        16848632231.373299        12270.111398027799        5.9220651710174725E-003   3114.3701041351792        3.7589120089037485E-007   3.8083320249241273E-009
   1.2829401536361682        16070244125.341101        12783.824855208570        5.7020514580571084E-003   3142.8363130157700        3.7008052841634036E-007   3.8434704712287230E-009
   1.2869297177161834        15330397882.547321        13315.992399957329        5.4905769029679847E-003   3171.1861849534853        3.6434454390384663E-007   3.8786559489495202E-009
   1.2909746702979310        14627010338.199562        13867.184989417643        5.2872891598176484E-003   3199.4186007841336        3.5868353943555202E-007   3.9139162022531028E-009
   1.2950757803591899        13958122729.962006        14437.988766513203        5.0918520933228711E-003   3227.5325305265701        3.5309775762151151E-007   3.9492780812224058E-009
   1.2992338275537239        13321892487.945576        15029.005357950040        4.9039449189704140E-003   3255.5270268638028        3.4758737992942964E-007   3.9847669128813023E-009
   1.3034496023595004        12716585629.894714        15640.852156356470        4.7232613952008992E-003   3283.4012160172356        3.4215251482991578E-007   4.0204058536389413E-009
   1.3077239062289665        12140569711.543097        16274.162582723429        4.5495090639955174E-003   3311.1542857588479        3.3679318615099162E-007   4.0562152383862155E-009
   1.3120575517414121        11592307286.424383        16929.586323265463        4.3824085365091799E-003   3338.7854703582439        3.3150932201651313E-007   4.0922119419943650E-009
   1.3164513627574468        11070349833.392406        17607.789536304208        4.2216928206720208E-003   3366.2940323208704        3.2630074471454291E-007   4.1284087689999303E-009
   1.3209061745756228        10573332113.749725        18309.455022887018        4.0671066879344958E-003   3393.6792408292513        3.2116716180387358E-007   4.1648138867719086E-009
   1.3254228340912313        10099966923.220226        19035.282356001957        3.9184060765470787E-003   3420.9403468577470        3.1610815872266821E-007   4.2014303165162612E-009
   1.3300021999573051        9649040207.1235981        19785.987963211297        3.7753575290013228E-003   3448.0765549957923        3.1112319311430332E-007   4.2382554951046500E-009
   1.3346451427478550        9219406509.9168129        20562.305156434293        3.6377376614378080E-003   3475.0869920759437        3.0621159103198506E-007   4.2752809189624063E-009
   1.3393525451233721        8809984732.8652725        21364.984104448129        3.5053326629996876E-003   3501.9706727492326        3.0137254512755133E-007   4.3124918791377510E-009
   1.3441253019986301        8419754175.9921780        22194.791742582496        3.3779378232810142E-003   3528.7264622188209        2.9660511487525219E-007   4.3498672943963460E-009
   1.3489643207128135        8047750842.6110754        23052.511615006657        3.2553570861541437E-003   3555.3530363815130        2.9190822882581170E-007   4.3873796466558644E-009
   1.3538705212020128        7693063986.7289410        23938.943645562256        3.1374026283989523E-003   3581.8488396795756        2.8728068883498731E-007   4.4249950205167576E-009
   1.3588448361741094        7354832885.3780603        24854.903832302087        3.0238944616593913E-003   3608.2120409960817        2.8272117616234949E-007   4.4626732460231895E-009
   1.3638882112860924        7032243819.5775366        25801.223863918214        2.9146600563742732E-003   3634.4404879714075        2.7822825929468341E-007   4.5003681412859646E-009
   1.3690016053238339        6724527249.0797501        26778.750653110616        2.8095339864163066E-003   3660.5316601358591        2.7380040331165181E-007   4.5380278491594468E-009
   1.3741859903843634        6430955167.3573399        27788.345786198988        2.7083575932499342E-003   3686.4826212816738        2.6943598058222777E-007   4.5755952599634127E-009
   1.3794423520606705        6150838624.4969635        28830.884886184627        2.6109786685127676E-003   3712.2899715099352        2.6513328255907964E-007   4.6130085102410683E-009
   1.3847716896290740        5883525406.6888971        29907.256887748008        2.5172511539721144E-003   3737.9497994011358        2.6089053242343238E-007   4.6502015458445920E-009
   1.3901750162391926        5628397861.9686766        31018.363224396337        2.4270348578854894E-003   3763.4576347597454        2.5670589832650391E-007   4.6871047362142951E-009
   1.3956533591065523        5384870862.6895590        32165.116925654773        2.3401951868393797E-003   3788.8084023871647        2.5257750697394523E-007   4.7236455256406941E-009
   1.4012077597078685        5152389895.9610882        33348.441626673142        2.2566028921970054E-003   3813.9963773447544        2.4850345730772255E-007   4.7597491065844383E-009
   1.4068392739790392        4930429273.9378824        34569.270487871603        2.1761338303238190E-003   3839.0151421477949        2.4448183405196141E-007   4.7953390996596406E-009
   1.4125489725158862        4718490456.4430046        35828.545029013156        2.0986687358093624E-003   3863.8575463516750        2.4051072090950331E-007   4.8303382249142833E-009
   1.4183379407776853        4516100478.9266872        37127.213875082402        2.0240930069399389E-003   3888.5156689746154        2.3658821321810202E-007   4.8646689492737292E-009
   1.4242072792935188        4322810479.2177343        38466.231419028933        1.9522965027059492E-003   3912.9807842059668        2.3271242990176572E-007   4.8982540956572962E-009
   1.4301581038714972        4138194316.9616132        39846.556400532681        1.8831733506784263E-003   3937.2433308596155        2.2888152458257866E-007   4.9310174002525889E-009
   1.4361915458108805        3961847279.9884744        41269.150404209693        1.8166217651037807E-003   3961.2928860281218        2.2509369574763956E-007   4.9628840056724487E-009
   1.4423087521171496        3793384872.2085710        42734.976278876464        1.7525438746089643E-003   3985.1181434105674        2.2134719589741936E-007   4.9937808793226324E-009
   1.4485108857200601        3632441677.9343858        44244.996480565853        1.6908455589366232E-003   4008.7068968008316        2.1764033963187045E-007   5.0236371481678927E-009
   1.4547991256947246        3478670297.8125777        45800.171341541660        1.6314362941580148E-003   4032.0460292298530        2.1397151065951481E-007   5.0523843431930145E-009
   1.4611746674857646        3331740351.8077531        47401.457268384867        1.5742290058390917E-003   4055.1215082808480        2.1033916774149141E-007   5.0799565492393595E-009
   1.4676387231345740        3191337544.9360986        49049.804872506938        1.5191399296694990E-003   4077.9183881008030        2.0674184960675651E-007   5.1062904584290766E-009
   1.4741925215097369        3057162791.6669202        50746.157035382428        1.4660884790831854E-003   4100.4208186423784        2.0317817889463448E-007   5.1313253280903042E-009
   1.4808373085406470        2928931395.1407089        52491.446914080087        1.4149971194317415E-003   4122.6120626727015        1.9964686519808347E-007   5.1550028468935966E-009
   1.4875743474543670        2806372277.5632544        54286.595889191696        1.3657912482968066E-003   4144.4745210696155        1.9614670729346561E-007   5.1772669156997049E-009
   1.4944049190157804        2689227258.3381505        56132.511462015042        1.3183990815511025E-003   4165.9897669031061        1.9267659465092299E-007   5.1980633523753004E-009
   1.5013303217710727        2577250376.7035365        58030.085104543570        1.2727515448056651E-003   4187.1385887557008        1.8923550832382737E-007   5.2173395324415649E-009
   1.5083518722945968        2470207255.8274317        59980.190069887445        1.2287821699005562E-003   4207.9010436687540        1.8582252131558644E-007   5.2350439797896212E-009
   1.5154709054391633        2367874505.5098963        61983.679169128685        1.1864269961242525E-003   4228.2565200168019        1.8243679851871651E-007   5.2511259237621955E-009
   1.5226887745898079        2270039160.8163075        64041.382522798260        1.1456244758633173E-003   4248.1838104966628        1.7907759631359735E-007   5.2655348405371957E-009
   1.5300068519210803        2176498154.1476665        66154.105296057009        1.1063153844089704E-003   4267.6611952812264        1.7574426190458027E-007   5.2782199979099983E-009
   1.5374265286579050        2087057818.4232230        68322.625426922532        1.0684427336654502E-003   4286.6665352335685        1.7243623245882016E-007   5.2891300231908484E-009
   1.5449492153400646        2001533419.2133615        70547.691358877317        1.0319516895223155E-003   4305.1773748774704        1.6915303409900102E-007   5.2982125138832931E-009
   1.5525763420903549        1919748713.8199437        72830.019789576982        9.9678949267231298E-004   4323.1710546430786        1.6589428078649905E-007   5.3054137102194671E-009
   1.5603093588864621        1841535535.4511526        75170.293448677767        9.6290538267218540E-004   4340.6248316716619        1.6265967311628839E-007   5.3106782472821835E-009
   1.5681497358366161        1766733400.7775178        77569.158918288158        9.3025052505755536E-004   4357.5160082574839        1.5944899703007446E-007   5.3139490025446730E-009
   1.5760989634590687        1695189139.2910655        80027.224511184817        8.9877794133839180E-004   4373.8220667747155        1.5626212244060279E-007   5.3151670521166355E-009
   1.5841585529654534        1626756543.0143163        82545.058221418600        8.6844244171473616E-004   4389.5208097367786        1.5309900174812937E-007   5.3142717459659752E-009
   1.5923300365480793        1561296035.2187839        85123.185763185262        8.3920056036175040E-004   4404.5905034282123        1.4995966821986401E-007   5.3112009088770260E-009
   1.6006149676712125        1498674356.9239194        87762.088714237907        8.1101049314787326E-004   4419.0100233903577        1.4684423419616461E-007   5.3058911701413083E-009
   1.6090149213664020        1438764270.0421760        90462.202778586143        7.8383203765700483E-004   4432.7589998992262        1.4375288908225129E-007   5.2982784209704975E-009
   1.6175314945319068        1381444276.1250803        93223.916185285576        7.5762653539492865E-004   4445.8179614747878        1.4068589708223654E-007   5.2882983945733204E-009
   1.6261663062362777        1326598349.7500818        96047.568237302912        7.3235681607156957E-004   4458.1684744152026        1.3764359463352868E-007   5.2758873599091151E-009
   1.6349209980261552        1274115685.6563535        98933.448024721976        7.0798714385465506E-004   4469.7932763356785        1.3462638750269458E-007   5.2609829163775155E-009
   1.6437972342383422        1223890458.8067157        101881.79331552994        6.8448316549971045E-004   4480.6764017458290        1.3163474751005233E-007   5.2435248733694128E-009
   1.6527967023162058        1175821596.6127453        104892.78963525232        6.6181186026921046E-004   4490.8032977978155        1.2866920885830774E-007   5.2234561957370781E-009
   1.6619211131304754        1129812562.6098812        107966.56954471492        6.3994149155623343E-004   4500.1609284773676        1.2573036404973139E-007   5.2007239939375216E-009
   1.6711722013044914        1085771150.9213507        111103.21212564337        6.1884156013784807E-004   4508.7378657131139        1.2281885938753915E-007   5.1752805360181464E-009
   1.6805517255439715        1043609290.8903211        114302.74267744980        5.9848275898676093E-004   4516.5243661047398        1.1993539006828984E-007   5.1470842576942058E-009
   1.6900614689713551        1003242861.2986089        117565.13263199343        5.7883692957436908E-004   4523.5124322336696        1.1708069488364891E-007   5.1161007466038172E-009
   1.6997032394647893        964591513.62769067        120890.29968513543        5.5987701960546923E-004   4529.6958578166914        1.1425555056134992E-007   5.0823036774140150E-009
   1.7094788700018193        927578503.84822392        124278.10814673521        5.4157704212684705E-004   4535.0702562576898        1.1146076578548875E-007   5.0456756756943641E-009
   1.7193902190078547        892130532.25628877        127728.36950423768        5.2391203595840560E-004   4539.6330724696254        1.0869717494592879E-007   5.0062090903903814E-009
   1.7294391707094683        858177590.90070558        131240.84319615943        5.0685802739731554E-004   4543.3835781307334        1.0596563167444245E-007   4.9639066571504774E-009
   1.7396276354926044        825652818.17417133        134815.23758723176        4.9039199315126464E-004   4546.3228508482898        1.0326700223172655E-007   4.9187820376870056E-009
   1.7499575502657585        794492360.16486728        138451.21113669590        4.7449182445925093E-004   4548.4537379570329        1.0060215881400766E-007   4.8708602235560867E-009
   1.7604308788281973        764635238.38959968        142148.37374816646        4.5913629236189784E-004   4549.7808059338286        9.7971972850644447E-008   4.8201777962027926E-009
   1.7710496122432946        736023223.55173743        145906.28828907714        4.4430501408562956E-004   4550.3102766108850        9.5377308364958955E-008   4.7667830386421072E-009
   1.7818157692170473        708600714.99039781        149724.47226547476        4.2997842050866415E-004   4550.0499515467964        9.2819015469725212E-008   4.7107358976720740E-009
   1.7927313964818481        682314625.50745678        153602.39963726929        4.1613772467833781E-004   4549.0091260448862        9.0297924065977389E-008   4.6521077988859785E-009
   1.8037985691855849        657114271.27938032        157539.50275806626        4.0276489135132034E-004   4547.1984943978296        8.7814837809683969E-008   4.5909813198952019E-009
   1.8150193912861430        632951266.58078969        161535.17442340820        3.8984260753070993E-004   4544.6300479868642        8.5370528405517870E-008   4.5274497300115048E-009
   1.8263959959513856        609779423.06551456        165588.77001036430        3.7735425397572201E-004   4541.3169678820086        8.2965730280432694E-008   4.4616164071019492E-009
   1.8379305459646844        587554653.36725533        169699.60969144737        3.6528387765967399E-004   4537.2735135557432        8.0601135682300148E-008   4.3935941443441178E-009
   1.8496252341360835        566234878.80027795        173866.98070713211        3.5361616515478406E-004   4532.5149092760594        7.8277390241193775E-008   4.3235043612153858E-009
   1.8614822837191687        545779940.95615530        178090.13967895028        3.4233641692275944E-004   4527.0572296567852        7.5995089022698622E-008   4.2514762341718741E-009
   1.8735039488337266        526151517.00637150        182368.31494895642        3.3143052249010496E-004   4520.9172857382737        7.3754773094149087E-008   4.1776457631399194E-009
   1.8856925148942705        507313038.53570324        186700.70892900927        3.2088493648870170E-004   4514.1125128493104        7.1556926616730069E-008   4.1021547902011389E-009
   1.8980502990445158        489229613.74346590        191086.50044679389        3.1068665554227201E-004   4506.6608613620774        6.9401974468451863E-008   4.0251499866947505E-009
   1.9105796505978883        471867952.86164623        195524.84707364705        3.0082319597955483E-004   4498.5806913110928        6.7290280395552765E-008   3.9467818244579552E-009
   1.9232829514841456        455196296.64960188        200014.88742372478        2.9128257235526222E-004   4489.8906716972870        6.5222145683070632E-008   3.8672035461114508E-009
   1.9361626167022039        439184347.83533794        204555.74341110501        2.8205327676047401E-004   4480.6096851515040        6.3197808329282959E-008   3.7865701482395005E-009
   1.9492210947792454        423803205.38113207        209146.52245666404        2.7312425890302822E-004   4470.7567384849490        6.1217442703098306E-008   3.7050373900354865E-009
   1.9624608682362061        409025301.46063745        213786.31963436713        2.6448490693994838E-004   4460.3508795230318        5.9281159659129846E-008   3.6227608385950131E-009
   1.9758844540597180        394824341.04078561        218474.21974996477        2.5612502904283189E-004   4449.4111204859864        5.7389007081212676E-008   3.5398949605218844E-009
   1.9894944041806149        381175243.96829820        223209.29934484899        2.4803483567728503E-004   4437.9563680582223        5.5540970822201817E-008   3.4565922679642377E-009
   2.0032933059590690        368054089.46647352        227990.62862040964        2.4020492257757653E-004   4426.0053601938325        5.3736976005586592E-008   3.3730025256513235E-009
   2.0172837826764733        355438062.95295715        232817.27327732675        2.3262625439772014E-004   4413.5766095973167        5.1976888653147112E-008   3.2892720239793786E-009
   2.0314684940341436        343305405.09312320        237688.29626744229        2.2529014901954248E-004   4400.6883537501608        5.0260517601812069E-008   3.2055429217364443E-009
   2.0458501366589532        331635363.00817978        242602.75945500543        2.1818826249894504E-004   4387.3585112751134        4.8587616672954966E-008   3.1219526606982726E-009
   2.0604314446159808        320408143.56005156        247559.72518620011        2.1131257463098021E-004   4373.6046443821506        4.6957887057522798E-008   3.0386334530664526E-009
   2.0752151899282794        309604868.63847405        252558.25776599938        2.0465537511476275E-004   4359.4439270888361        4.5370979881398073E-008   2.9557118415917977E-009
   2.0902041831038578        299207532.37818247        257597.42484239835        1.9820925029897154E-004   4344.8931188778442        4.3826498916546511E-008   2.8733083312221144E-009
   2.1054012736699845        289198960.23663270        262676.29869886034        1.9196707048895956E-004   4329.9685434295216        4.2324003405155321E-008   2.7915370902501280E-009
   2.1208093507149020        279562769.86485714        267793.95745604869        1.8592197779653522E-004   4314.6860720492059        4.0863010965849246E-008   2.7105057182070793E-009
   2.1364313434370672        270283333.70599329        272949.48618493346        1.8006737451363965E-004   4299.0611114068925        3.9443000553100317E-008   2.6303150771503203E-009
   2.1522702217020138        261345743.25780347        278141.97793316434        1.7439691199120047E-004   4283.1085951996147        3.8063415443200962E-008   2.5510591825194335E-009
   2.1683289966069506        252735774.93738008        283370.53466813406        1.6890448000491978E-004   4266.8429793575033        3.6723666222492399E-008   2.4728251493869174E-009
   2.1846107210531915        244439857.48774388        288634.26813844638        1.6358419658988769E-004   4250.2782404224008        3.5423133755887052E-008   2.3956931896825032E-009
   2.2011184903265395        236445040.86740616        293932.30065862002        1.5843039832595576E-004   4233.4278767361093        3.4161172116077421E-008   2.3197366558205390E-009
   2.2178554426857238        228738966.56588516        299263.76581896009        1.5343763105669591E-004   4216.3049121032618        3.2937111456179630E-008   2.2450221261091880E-009
   2.2348247599590065        221309839.28909826        304627.80912539043        1.4860064102446846E-004   4198.9219015990420        3.1750260810791127E-008   2.1716095273266311E-009
   2.2520296681490768        214146399.96043983        310023.58857215691        1.4391436640502213E-004   4181.2909392239744        3.0599910812639731E-008   2.0995522899390504E-009
   2.2694734380463366        207237899.98444310        315450.27515167289        1.3937392922509786E-004   4163.4236671205772        2.9485336314055799E-008   2.0288975315647960E-009
   2.2871593858507051        200574076.72163013        320907.05330504593        1.3497462764724106E-004   4145.3312860951146        2.8405798904464717E-008   1.9596862644734351E-009
   2.3050908738020572        194145130.12417653        326393.12131690403        1.3071192860600474E-004   4127.0245672031288        2.7360549316847237E-008   1.8919536231146765E-009
   2.3232713108194076        187941700.48382083        331907.69165928144        1.2658146078064410E-004   4108.5138641854528        2.6348829717846938E-008   1.8257291079194425E-009
   2.3417041531489771        181954847.24477753        337449.99128630955        1.2257900788973175E-004   4089.8091265585313        2.5369875877728433E-008   1.7610368418713219E-009
   2.3603929050212509        176176028.83540156        343019.26188574737        1.1870050229310087E-004   4070.9199131802866        2.4422919217675391E-008   1.6978958366080474E-009
   2.3793411193171621        170597083.47463849        348614.76008889318        1.1494201888798593E-004   4051.8554061442105        2.3507188733304335E-008   1.6363202651038220E-009
   2.3985523982435213        165210210.90976492        354235.75764294603        1.1129976928560780E-004   4032.6244248523872        2.2621912794252909E-008   1.5763197382414856E-009
   2.4180303940178254        160007955.04395118        359881.54155003786        1.0777009625562076E-004   4013.2354401579059        2.1766320820673901E-008   1.5178995828660138E-009
   2.4377788095625750        154983187.41354892        365551.41417395498        1.0434946842624469E-004   3993.6965884658853        2.0939644838411505E-008   1.4610611191756479E-009
   2.4578013992092256        150129091.47601011        371244.69332004566        1.0103447522791249E-004   3974.0156857032857        2.0141120915199796E-008   1.4058019355537073E-009
   2.4781019694119193        145439147.67129609        376960.71228895878        9.7821822069365784E-005   3954.2002410841760        1.9369990480967156E-008   1.3521161591976383E-009
   2.4986843794711224        140907119.22056043        382698.81990865391        9.4708325735056402E-005   3934.2574706026280        1.8625501535751116E-008   1.2999947211226945E-009
   2.5195525422673062        136527038.62753525        388458.38054572081        9.1690909993475238E-005   3914.1943102029459        1.7906909749174288E-008   1.2494256143369733E-009
   2.5407104250048191        132293194.84917124        394238.77410007699        8.8766601406206882E-005   3894.0174285812300        1.7213479455729107E-008   1.2003941441797354E-009
   2.5621620499660844        128200121.10377257        400039.39598359913        8.5932525328360040E-005   3873.7332395872236        1.6544484550429860E-008   1.1528831700049909E-009
   2.5839114952762658        124242583.28561267        405859.65708592761        8.3185902090815496E-005   3853.3479141970247        1.5899209289455238E-008   1.1068733375496947E-009
   2.6059628956785534        120415568.95680988        411698.98372958758        8.0524043355707103E-005   3832.8673920390129        1.5276949000629056E-008   1.0623433014873848E-009
   2.6283204433202116        116714276.88828513        417556.81761473924        7.7944348636745529E-005   3812.2973924607086        1.4677010708602437E-008   1.0192699378015060E-009
   2.6509883885495382        113134107.12265089        423432.61575752840        7.5444301976148735E-005   3791.6434251256392        1.4098713679582953E-008   9.7762854573155636E-010
   2.6739710407238908        109670651.53343904        429325.85042129114        7.3021468770759343E-005   3770.9108001423492        1.3541389890488720E-008   9.3739303916046948E-010
   2.6972727690289307        106319684.85582903        435236.00904409785        7.0673492739828654E-005   3750.1046377195371        1.3004384427296762E-008   8.9853612740044183E-010
   2.7208980033092374        103077156.16543761        441162.59416279593        6.8398093027613666E-005   3729.2298773579737        1.2487055817272917E-008   8.6102948542178783E-010
   2.7448512349104592        99939180.782730758        447105.12333471660        6.6193061434202772E-005   3708.2912865835324        1.1988776299681983E-008   8.2484391364088103E-010
   2.7691370175331556        96902032.581539199        453063.12905880215        6.4056259768144235E-005   3687.2934692309168        1.1508932039390032E-008   7.8994948744159028E-010
   2.7937599680984881        93962136.681263357        459036.15869692998        6.1985617314893536E-005   3666.2408732894919        1.1046923287648125E-008   7.5631569665848770E-010
   2.8187247676259370        91116062.503345504        465023.77439642418        5.9979128415396856E-005   3645.1377983239759        1.0602164494183998E-008   7.2391157529313070E-010
   2.8440361621231984        88360517.173502713        471025.55301419238        5.8034850149411732E-005   3623.9884024873750        1.0174084374541129E-008   6.9270582176924552E-010
   2.8696989634884398        85692339.251982316        477041.08604380576        5.6150900118278039E-005   3602.7967091356231        9.7621259364213517E-009   6.6266691005870049E-010
   2.8957180504250806        83108492.775162145        483069.97954623209        5.4325454322350071E-005   3581.5666130647714        9.3657464686152732E-009   6.3376319203443059E-010
   2.9220983693692704        80606061.592539474        489111.85408382153        5.2556745128417223E-005   3560.3018863858356        8.9844174959125899E-009   6.0596299142063620E-010
   2.9488449354302482        78182243.983816043        495166.34466003225        5.0843059322541895E-005   3539.0061840502472        8.6176247031758219E-009   5.7923468971933987E-010
   2.9759628333437536        75834347.541908398        501233.10066350142        4.9182736244384033E-005   3517.6830490495945        8.2648678316298670E-009   5.5354680450443729E-010
   3.0034572184386756        73559784.308155835        507311.78581570991        4.7574165998959576E-005   3496.3359173043737        7.9256605501969495E-009   5.2886806047223834E-010
   3.0313333176171220        71356066.146236882        513402.07812957081        4.6015787741525282E-005   3474.9681222448112        7.5995303044601391E-009   5.0516745363052335E-010
   3.0595964303480967        69220800.343346402        519503.66986904090        4.4506088032945365E-005   3453.5828991232543        7.2860181458719393E-009   4.8241430902466096E-010
   3.0882519296749660        67151685.426202491        525616.26751827577        4.3043599261361909E-005   3432.1833890550929        6.9846785434136466E-009   4.6057833236972427E-010
   3.1173052632369265        65146507.181170739        531739.59175598843        4.1626898127348579E-005   3410.7726428140991        6.6950791799163163E-009   4.3962965596586202E-010
   3.1467619543046337        63203134.867761604        537873.37743775558        4.0254604189269610E-005   3389.3536243900344        6.4168007350151201E-009   4.1953887925620954E-010
   3.1766276028302274        61319517.615695097        544017.37358497526        3.8925378466125123E-005   3367.9292143280604        6.1494366566119123E-009   4.0027710438098111E-010
   3.2069078865119254        59493680.995954841        550171.34338060743        3.7637922095022332E-005   3346.5022128619503        5.8925929225361961E-009   3.8181596706551910E-010
   3.2376085618733978        57723723.756834291        556335.06417393254        3.6390975040636171E-005   3325.0753428517382        5.6458877939792745E-009   3.6412766316868794E-010
   3.2687354653581302        56007814.716670312        562508.32749037480        3.5183314854402755E-005   3303.6512525458875        5.4089515621749489E-009   3.4718497120753712E-010
   3.3002945144389768        54344189.804897457        568690.93905119388        3.4013755480783659E-005   3282.2325181687402        5.1814262896137172E-009   3.3096127115393043E-010
   3.3322917087431194        52731149.244070172        574882.71879940829        3.2881146108679679E-005   3260.8216463562776        4.9629655470380922E-009   3.1543055979244294E-010
   3.3647331311926449        51167054.865495615        581083.50093353365        3.1784370065762010E-005   3239.4210764437516        4.7532341473162901E-009   3.0056746290979763E-010
   3.3976249491609578        49650327.551617391        587293.13394899759        3.0722343753727396E-005   3218.0331826184251        4.5519078771938153E-009   2.8634724457341270E-010
   3.4309734156452452        48179444.798658982        593511.48068768764        2.9694015622587761E-005   3196.6602759444345        4.3586732278421074E-009   2.7274581374312200E-010
   3.4647848704552238        46752938.393454328        599738.41839444381        2.8698365182290822E-005   3175.3046062730314        4.1732271250382616E-009   2.5973972844728124E-010
   3.4990657414183870        45369392.198582165        605973.83878114983        2.7734402049908230E-005   3153.9683640452913        3.9952766597109797E-009   2.4730619773939958E-010
   3.5338225456019861        44027440.040267043        612217.64809893491        2.6801165030769378E-005   3132.6536819910675        3.8245388195260266E-009   2.3542308163928883E-010
   3.5690618905519771        42725763.693890929        618469.76721758954        2.5897721232090970E-005   3111.3626367390361        3.6607402221104662E-009   2.2406888925071592E-010
   3.6047904755491693        41463090.962145008        624730.13171208370        2.5023165207627507E-005   3090.0972503401204        3.5036168504525395E-009   2.1322277523461747E-010
   3.6410150928828093        40238193.841088399        630998.69195756991        2.4176618131938881E-005   3068.8594917106452        3.3529137909428625E-009   2.0286453480491971E-010
   3.6777426291418513        39049886.769775242        637275.41323068878        2.3357227003066077E-005   3047.6512780044636        3.2083849744873130E-009   1.9297459740424445E-010
   3.7149800665241539        37897024.959152073        643560.27581937204        2.2564163872299715E-005   3026.4744759157957        3.0697929210473647E-009   1.8353401920409626E-010
   3.7527344841638479        36778502.796314731        649853.27513923612        2.1796625099942558E-005   3005.3309029217166        2.9369084879344469E-009   1.7452447456548731E-010
   3.7910130594771392        35693252.320249446        656154.42185947113        2.1053830635853668E-005   2984.2223284616393        2.8095106221257938E-009   1.6592824658451459E-010
   3.8298230695267916        34640241.765664458        662463.74203457520        2.0335023323903600E-005   2963.1504750683880        2.6873861168561337E-009   1.5772821684085896E-010
   3.8691718924055563        33618474.171235308        668781.27724701364        1.9639468229059494E-005   2942.1170194389497        2.5703293726547638E-009   1.4990785445385887E-010
   3.9090670086388033        32626986.049231291        675107.08476162888        1.8966451986315377E-005   2921.1235934540550        2.4581421630163956E-009   1.4245120454704794E-010
   3.9495160026066318        31664846.113212556        681441.23768943187        1.8315282170341465E-005   2900.1717851361800        2.3506334048152558E-009   1.3534287621024868E-010
   3.9905265639857195        30731154.060960907        687783.82518486911        1.7685286684957441E-005   2879.2631395359062        2.2476189335820954E-009   1.2856803004338972E-010
   4.0321064892111940        29825039.407998770        694134.95266279741        1.7075813170070757E-005   2858.3991594570221        2.1489212835389640E-009   1.2211236534453584E-010
   4.0742636829587919        28945660.371375099        700494.74216311215        1.6486228426764843E-005   2837.5813060328624        2.0543694727246222E-009   1.1596210703041806E-010
   4.1170061596476071        28092202.786539115        706863.33276766643        1.5915917848108721E-005   2816.8109984725324        1.9637987917961007E-009   1.1010399224524525E-010
   4.1603420449636950        27263879.079221245        713240.88183634402        1.5364284872089748E-005   2796.0896135475409        1.8770505991500579E-009   1.0452525689770981E-010
   4.2042795774048249        26459927.214341525        719627.56539137859        1.4830750402190107E-005   2775.4184822403413        1.7939721147022714E-009   9.9213621656991357E-011
   4.2488271098466894        25679610.023135480        726023.57693765848        1.4314752521348773E-005   2754.7989043906118        1.7144162505548326E-009   9.4157280344509811E-011
   4.2939931111308507        24922215.532997426        732429.07574943907        1.3815747193832954E-005   2734.2322561739684        1.6382415226318313E-009   8.9344895420711272E-011
   4.3397861676747365        24187066.633264601        738843.90901496261        1.3333217143220821E-005   2713.7207777604267        1.5653127620712211E-009   8.4765657434096051E-011
   4.3862149851039840        23473538.848783087        745266.85807061812        1.2866688594471604E-005   2693.2692711532072        1.4955023881802508E-009   8.0409393925308042E-011
   4.4332883899074522        22780884.935551260        751701.31353651476        1.2415571746743864E-005   2672.8710917192552        1.4286756985775216E-009   7.6265343203914334E-011
   4.4810153311152057        22108503.199566990        758146.82365369902        1.1979405472955291E-005   2652.5291502360424        1.3647134125125961E-009   7.2324039546343296E-011
   4.5294048819997936        21455797.749811035        764603.37068080087        1.1557730051717252E-005   2632.2453259581775        1.3034996170866563E-009   6.8576303117780686E-011
   4.5784662418011610        20822185.350349847        771071.14867762814        1.1150093742028925E-005   2612.0209857265836        1.2449222901807778E-009   6.5013285586968377E-011
   4.6282087374754841        20207098.902440101        777550.44043087238        1.0756056184181163E-005   2591.8572881469322        1.1888735080822661E-009   6.1626488040540587E-011
   4.6786418254683131        19609988.270871833        784041.57420113846        1.0375189352108445E-005   2571.7552935505141        1.1352494219567082E-009   5.8407759171139327E-011
   4.7297750935123046        19030320.187327377        790544.90859401587        1.0007077651576789E-005   2551.7160036848209        1.0839501566075740E-009   5.5349286792298758E-011
   4.7816182624499399        18467577.857252363        797060.82692356710        9.6513177374287034E-006   2531.7403773373867        1.0348796860602187E-009   5.2443587289467840E-011
   4.8341811880815229        17921260.475342482        803589.73496702302        9.3075182372306600E-006   2511.8293373064021        9.8794570365833381E-010   4.9683494505537639E-011
   4.8874738630388510        17390882.718206778        810132.06005789631        8.9752994441963858E-006   2491.9837739611653        9.4305949255325328E-010   4.7062148567685346E-011
   4.9415064186848987        16875974.238920085        816688.25075614580        8.6542930023485110E-006   2472.2045473347584        9.0013579869234653E-010   4.4572984845339338E-011
   4.9962891270398622        16376079.172708798        823258.77679381520        8.3441415928375525E-006   2452.4924885209539        8.5909270708273835E-010   4.2209723117142653E-011
   5.0518324027339574        15890755.657288086        829844.12916651985        8.0444986251171593E-006   2432.8484007054017        8.1985152161455240E-010   3.9966356982485222E-011
   5.1081468049873235        15419575.369228773        836444.82030214381        7.7550279347051873E-006   2413.2730600007549        7.8233664853826533E-010   3.7837143536154744E-011
   5.1652430396174163        14962123.076531645        843061.38427904423        7.4754034881535853E-006   2393.7672161597284        7.4647548358529765E-010   3.5816593314985708E-011
   5.2231319610742668        14517996.207274504        849694.37707331311        7.2053090955422526E-006   2374.3315932128671        7.1219830269178246E-010   3.3899460521716919E-011
   5.2818245745039984        14086804.433875417        856344.37682809948        6.9444381304935746E-006   2354.9668900506081        6.7943815625438583E-010   3.2080733527920442E-011
   5.3413320378409983        13668169.272515468        863011.98413627350        6.6924932576844275E-006   2335.6737809700662        6.4813076684371342E-010   3.0355625656647500E-011
   5.4016656639291254        13261723.697116455        869697.82233641972        6.4491861676813376E-006   2316.4529161862706        6.1821443028913092E-010   2.8719566243657372E-011
   5.4628369226723725        12867111.767388402        876402.53781512228        6.2142373190008107E-006   2297.3049223236949        5.8962992005277858E-010   2.7168191975720939E-011
   5.5248574432153887        12483988.270298488        883126.80032033590        5.9873756871492329E-006   2278.2304028786621        5.6232039480064707E-010   2.5697338503006999E-011
   5.5877390161542690        12112018.374518016        889871.30327833956        5.7683385205398330E-006   2259.2299386666791        5.3623130908940925E-010   2.4303032322767237E-011
   5.6514935957780441        11750877.297244329        896636.76411890471        5.5568711030461489E-006   2240.3040882466184        5.1131032707780642E-010   2.2981482930256678E-011
   5.7161333023412855        11400249.982948437        903423.92460432288        5.3527265230560534E-006   2221.4533883286226        4.8750723918058384E-010   2.1729075232968606E-011
   5.7816704243682633        11059830.793521423        910233.55116513663        5.1556654488189602E-006   2202.6783541613527        4.6477388157813447E-010   2.0542362223482867E-011
   5.8481174209890900        10729323.209396081        917066.43523921003        4.9654559099442971E-006   2183.9794799040856        4.4306405850124593E-010   1.9418057906249737E-011
   5.9154869243083050        10408439.541168576        923923.39361630590        4.7818730848615664E-006   2165.3572389792907        4.2233346720816475E-010   1.8353030473097629E-011
   5.9837917418063302        10096900.651316613        930805.26878637122        4.6046990940940821E-006   2146.8120844090122        4.0253962557528377E-010   1.7344295722227900E-011
   6.0530448587742862        9794435.6855948903        937712.92929254437        4.4337227991802306E-006   2128.3444491334662        3.8364180222289615E-010   1.6389010715166268E-011
   6.1232594407825918        9500781.8137430735        944647.27008676622        4.2687396071041678E-006   2109.9547463155559        3.6560094910092509E-010   1.5484467666114684E-011
   6.1944488361838417        9215683.9790991358        951609.21289112815        4.1095512800607347E-006   2091.6433696258346        3.4837963645843250E-010   1.4628088057842627E-011
   6.2666265786504471        8938894.6568376794        958599.70655877586        3.9559657504661701E-006   2073.4106935202467        3.3194199012810584E-010   1.3817416978547912E-011
   6.3398063897474808        8670173.6203485541        965619.72744521522        3.8077969409625446E-006   2055.2570734874257        3.1625363104740857E-010   1.3050117673319011E-011
   6.4140021815412620        8409287.7157800309        972670.27976563654        3.6648645895499120E-006   2037.1828463282959        3.0128161696473896E-010   1.2323966305430679E-011
   6.4892280592441551        8156010.6435703849        979752.39599614125        3.5269940790398703E-006   2019.1883303076877        2.8699438622149932E-010   1.1636846918775953E-011
   6.5654983238960751        7910122.7489711391        986867.13716730219        3.3940162724866147E-006   2001.2738256244766        2.7336170365345788E-010   1.0986746602689448E-011
   6.6428274750832381        7671410.8151082555        994015.59345229343        3.2657673497159785E-006   1983.4396139775092        2.6035460826165207E-010   1.0371750834536005E-011
   6.7212302136946436        7439667.8749874709        1001198.8839698168        3.1420886575874633E-006   1965.6859606216085        2.4794536335023122E-010   9.7900390434947067E-012
   6.8007214447168289        7214692.9971260037        1008418.1586953196        3.0228265396730764E-006   1948.0131095453753        2.3610740705542651E-010   9.2398802601007289E-012
   6.8813162800674279        6996291.1663922220        1015674.5947191903        2.9078322370167749E-006   1930.4212976935437        2.2481530856382454E-010   8.7196291870727253E-012
   6.9630300414680741        6784272.9303661343        1022969.4076588476        2.7969616135153933E-006   1912.9107165468861        2.1404471572499804E-010   8.2277217872375792E-012
   7.0458782633571682        6578454.7022461332        1030303.8224340560        2.6900753673923135E-006   1895.4816195182027        2.0377233185843012E-010   7.7626727495576402E-012
   7.1298766958431123        6378657.3081146562        1037679.1530096311        2.5870379511936564E-006   1878.1340254869635        1.9397582102777587E-010   7.3230685925025394E-012
   7.2150413076985238        6184709.3084321897        1045096.5898433486        2.4877199780596470E-006   1860.8685421144937        1.8463390953559610E-010   6.9075728334501539E-012
   7.3013882893960274        5996437.4075020263        1052557.7715167599        2.3919912652286423E-006   1843.6840828182972        1.7572597099206662E-010   6.5148998891330350E-012
   7.3889340561861951        5813691.8694184991        1060063.2519461035        2.2997390849970925E-006   1826.5842076091333        1.6723299150131935E-010   6.1438719825943307E-012
   7.4776952512182184        5636277.0629725680        1067616.6163409830        2.2108185689020195E-006   1809.5595068967382        1.5913486588157480E-010   5.7932575423386549E-012
   7.5676887487038957        5464139.2711491976        1075213.4303930891        2.1251858534305539E-006   1792.6365841092752        1.5141746915965665E-010   5.4621868176723862E-012
   7.6589316571255646        5296856.7070600092        1082870.9236614867        2.0425388553893912E-006   1775.7417741499123        1.4405369721372030E-010   5.1490440177717246E-012
   7.7514413224885521        5134417.9086604835        1090650.9926630950        1.9626730005142800E-006   1758.7406210225272        1.3703916302840883E-010   4.8529314681447718E-012
   7.8449098034008742        4976009.5924728187        1098566.9463150706        1.8849638822412680E-006   1741.3677065121976        1.3033671372150648E-010   4.5715452418776724E-012
   7.9386993549954861        4825942.4936632784        1106482.1364971385        1.8119557691566485E-006   1724.5343236212298        1.2409897958428166E-010   4.3122469676324588E-012
   8.0324889065900962        4675875.3948537381        1114397.3266792065        1.7389476560720273E-006   1706.7336717028611        1.1799279248418025E-010   4.0593932777844244E-012
   8.1262784581847090        4525808.2960441988        1122312.5168612746        1.6659395429874063E-006   1687.8707505840098        1.1201959827383179E-010   3.8130447098232261E-012
