# model  T0[K]  n0[1/cm3] u0 [cm/s] y0
1 1.00000e+03 5.00000e+07 5.00000e+05 9.00000e-01
2 1.00000e+03 5.00000e+07 5.00000e+05 1.00000e-01
3 1.00000e+03 5.00000e+07 5.00000e+05 1.00000e-02
4 1.00000e+03 5.00000e+07 5.00000e+05 1.00000e-03
5 1.00000e+03 5.00000e+07 7.50000e+05 9.00000e-01
6 1.00000e+03 5.00000e+07 7.50000e+05 1.00000e-01
7 1.00000e+03 5.00000e+07 7.50000e+05 1.00000e-02
8 1.00000e+03 5.00000e+07 7.50000e+05 1.00000e-03
9 1.00000e+03 5.00000e+07 1.00000e+06 9.00000e-01
10 1.00000e+03 5.00000e+07 1.00000e+06 1.00000e-01
11 1.00000e+03 5.00000e+07 1.00000e+06 1.00000e-02
12 1.00000e+03 5.00000e+07 1.00000e+06 1.00000e-03
13 1.00000e+03 5.00000e+07 1.25000e+06 9.00000e-01
14 1.00000e+03 5.00000e+07 1.25000e+06 1.00000e-01
15 1.00000e+03 5.00000e+07 1.25000e+06 1.00000e-02
16 1.00000e+03 5.00000e+07 1.25000e+06 1.00000e-03
17 1.00000e+03 5.00000e+07 1.50000e+06 9.00000e-01
18 1.00000e+03 5.00000e+07 1.50000e+06 1.00000e-01
19 1.00000e+03 5.00000e+07 1.50000e+06 1.00000e-02
20 1.00000e+03 5.00000e+07 1.50000e+06 1.00000e-03
21 1.00000e+03 5.00000e+07 2.00000e+06 9.00000e-01
22 1.00000e+03 5.00000e+07 2.00000e+06 1.00000e-01
23 1.00000e+03 5.00000e+07 2.00000e+06 1.00000e-02
24 1.00000e+03 5.00000e+07 2.00000e+06 1.00000e-03
25 1.00000e+03 1.00000e+08 5.00000e+05 9.00000e-01
26 1.00000e+03 1.00000e+08 5.00000e+05 1.00000e-01
27 1.00000e+03 1.00000e+08 5.00000e+05 1.00000e-02
28 1.00000e+03 1.00000e+08 5.00000e+05 1.00000e-03
29 1.00000e+03 1.00000e+08 7.50000e+05 9.00000e-01
30 1.00000e+03 1.00000e+08 7.50000e+05 1.00000e-01
31 1.00000e+03 1.00000e+08 7.50000e+05 1.00000e-02
32 1.00000e+03 1.00000e+08 7.50000e+05 1.00000e-03
33 1.00000e+03 1.00000e+08 1.00000e+06 9.00000e-01
34 1.00000e+03 1.00000e+08 1.00000e+06 1.00000e-01
35 1.00000e+03 1.00000e+08 1.00000e+06 1.00000e-02
36 1.00000e+03 1.00000e+08 1.00000e+06 1.00000e-03
37 1.00000e+03 1.00000e+08 1.25000e+06 9.00000e-01
38 1.00000e+03 1.00000e+08 1.25000e+06 1.00000e-01
39 1.00000e+03 1.00000e+08 1.25000e+06 1.00000e-02
40 1.00000e+03 1.00000e+08 1.25000e+06 1.00000e-03
41 1.00000e+03 1.00000e+08 1.50000e+06 9.00000e-01
42 1.00000e+03 1.00000e+08 1.50000e+06 1.00000e-01
43 1.00000e+03 1.00000e+08 1.50000e+06 1.00000e-02
44 1.00000e+03 1.00000e+08 1.50000e+06 1.00000e-03
45 1.00000e+03 1.00000e+08 2.00000e+06 9.00000e-01
46 1.00000e+03 1.00000e+08 2.00000e+06 1.00000e-01
47 1.00000e+03 1.00000e+08 2.00000e+06 1.00000e-02
48 1.00000e+03 1.00000e+08 2.00000e+06 1.00000e-03
49 1.00000e+03 1.50000e+08 5.00000e+05 9.00000e-01
50 1.00000e+03 1.50000e+08 5.00000e+05 1.00000e-01
51 1.00000e+03 1.50000e+08 5.00000e+05 1.00000e-02
52 1.00000e+03 1.50000e+08 5.00000e+05 1.00000e-03
53 1.00000e+03 1.50000e+08 7.50000e+05 9.00000e-01
54 1.00000e+03 1.50000e+08 7.50000e+05 1.00000e-01
55 1.00000e+03 1.50000e+08 7.50000e+05 1.00000e-02
56 1.00000e+03 1.50000e+08 7.50000e+05 1.00000e-03
57 1.00000e+03 1.50000e+08 1.00000e+06 9.00000e-01
58 1.00000e+03 1.50000e+08 1.00000e+06 1.00000e-01
59 1.00000e+03 1.50000e+08 1.00000e+06 1.00000e-02
60 1.00000e+03 1.50000e+08 1.00000e+06 1.00000e-03
61 1.00000e+03 1.50000e+08 1.25000e+06 9.00000e-01
62 1.00000e+03 1.50000e+08 1.25000e+06 1.00000e-01
63 1.00000e+03 1.50000e+08 1.25000e+06 1.00000e-02
64 1.00000e+03 1.50000e+08 1.25000e+06 1.00000e-03
65 1.00000e+03 1.50000e+08 1.50000e+06 9.00000e-01
66 1.00000e+03 1.50000e+08 1.50000e+06 1.00000e-01
67 1.00000e+03 1.50000e+08 1.50000e+06 1.00000e-02
68 1.00000e+03 1.50000e+08 1.50000e+06 1.00000e-03
69 1.00000e+03 1.50000e+08 2.00000e+06 9.00000e-01
70 1.00000e+03 1.50000e+08 2.00000e+06 1.00000e-01
71 1.00000e+03 1.50000e+08 2.00000e+06 1.00000e-02
72 1.00000e+03 1.50000e+08 2.00000e+06 1.00000e-03
73 1.00000e+03 2.00000e+08 5.00000e+05 9.00000e-01
74 1.00000e+03 2.00000e+08 5.00000e+05 1.00000e-01
75 1.00000e+03 2.00000e+08 5.00000e+05 1.00000e-02
76 1.00000e+03 2.00000e+08 5.00000e+05 1.00000e-03
77 1.00000e+03 2.00000e+08 7.50000e+05 9.00000e-01
78 1.00000e+03 2.00000e+08 7.50000e+05 1.00000e-01
79 1.00000e+03 2.00000e+08 7.50000e+05 1.00000e-02
80 1.00000e+03 2.00000e+08 7.50000e+05 1.00000e-03
81 1.00000e+03 2.00000e+08 1.00000e+06 9.00000e-01
82 1.00000e+03 2.00000e+08 1.00000e+06 1.00000e-01
83 1.00000e+03 2.00000e+08 1.00000e+06 1.00000e-02
84 1.00000e+03 2.00000e+08 1.00000e+06 1.00000e-03
85 1.00000e+03 2.00000e+08 1.25000e+06 9.00000e-01
86 1.00000e+03 2.00000e+08 1.25000e+06 1.00000e-01
87 1.00000e+03 2.00000e+08 1.25000e+06 1.00000e-02
88 1.00000e+03 2.00000e+08 1.25000e+06 1.00000e-03
89 1.00000e+03 2.00000e+08 1.50000e+06 9.00000e-01
90 1.00000e+03 2.00000e+08 1.50000e+06 1.00000e-01
91 1.00000e+03 2.00000e+08 1.50000e+06 1.00000e-02
92 1.00000e+03 2.00000e+08 1.50000e+06 1.00000e-03
93 1.00000e+03 2.00000e+08 2.00000e+06 9.00000e-01
94 1.00000e+03 2.00000e+08 2.00000e+06 1.00000e-01
95 1.00000e+03 2.00000e+08 2.00000e+06 1.00000e-02
96 1.00000e+03 2.00000e+08 2.00000e+06 1.00000e-03
97 1.00000e+03 5.00000e+08 5.00000e+05 9.00000e-01
98 1.00000e+03 5.00000e+08 5.00000e+05 1.00000e-01
99 1.00000e+03 5.00000e+08 5.00000e+05 1.00000e-02
100 1.00000e+03 5.00000e+08 5.00000e+05 1.00000e-03
101 1.00000e+03 5.00000e+08 7.50000e+05 9.00000e-01
102 1.00000e+03 5.00000e+08 7.50000e+05 1.00000e-01
103 1.00000e+03 5.00000e+08 7.50000e+05 1.00000e-02
104 1.00000e+03 5.00000e+08 7.50000e+05 1.00000e-03
105 1.00000e+03 5.00000e+08 1.00000e+06 9.00000e-01
106 1.00000e+03 5.00000e+08 1.00000e+06 1.00000e-01
107 1.00000e+03 5.00000e+08 1.00000e+06 1.00000e-02
108 1.00000e+03 5.00000e+08 1.00000e+06 1.00000e-03
109 1.00000e+03 5.00000e+08 1.25000e+06 9.00000e-01
110 1.00000e+03 5.00000e+08 1.25000e+06 1.00000e-01
111 1.00000e+03 5.00000e+08 1.25000e+06 1.00000e-02
112 1.00000e+03 5.00000e+08 1.25000e+06 1.00000e-03
113 1.00000e+03 5.00000e+08 1.50000e+06 9.00000e-01
114 1.00000e+03 5.00000e+08 1.50000e+06 1.00000e-01
115 1.00000e+03 5.00000e+08 1.50000e+06 1.00000e-02
116 1.00000e+03 5.00000e+08 1.50000e+06 1.00000e-03
117 1.00000e+03 5.00000e+08 2.00000e+06 9.00000e-01
118 1.00000e+03 5.00000e+08 2.00000e+06 1.00000e-01
119 1.00000e+03 5.00000e+08 2.00000e+06 1.00000e-02
120 1.00000e+03 5.00000e+08 2.00000e+06 1.00000e-03
121 2.00000e+03 5.00000e+07 5.00000e+05 9.00000e-01
122 2.00000e+03 5.00000e+07 5.00000e+05 1.00000e-01
123 2.00000e+03 5.00000e+07 5.00000e+05 1.00000e-02
124 2.00000e+03 5.00000e+07 5.00000e+05 1.00000e-03
125 2.00000e+03 5.00000e+07 7.50000e+05 9.00000e-01
126 2.00000e+03 5.00000e+07 7.50000e+05 1.00000e-01
127 2.00000e+03 5.00000e+07 7.50000e+05 1.00000e-02
128 2.00000e+03 5.00000e+07 7.50000e+05 1.00000e-03
129 2.00000e+03 5.00000e+07 1.00000e+06 9.00000e-01
130 2.00000e+03 5.00000e+07 1.00000e+06 1.00000e-01
131 2.00000e+03 5.00000e+07 1.00000e+06 1.00000e-02
132 2.00000e+03 5.00000e+07 1.00000e+06 1.00000e-03
133 2.00000e+03 5.00000e+07 1.25000e+06 9.00000e-01
134 2.00000e+03 5.00000e+07 1.25000e+06 1.00000e-01
135 2.00000e+03 5.00000e+07 1.25000e+06 1.00000e-02
136 2.00000e+03 5.00000e+07 1.25000e+06 1.00000e-03
137 2.00000e+03 5.00000e+07 1.50000e+06 9.00000e-01
138 2.00000e+03 5.00000e+07 1.50000e+06 1.00000e-01
139 2.00000e+03 5.00000e+07 1.50000e+06 1.00000e-02
140 2.00000e+03 5.00000e+07 1.50000e+06 1.00000e-03
141 2.00000e+03 5.00000e+07 2.00000e+06 9.00000e-01
142 2.00000e+03 5.00000e+07 2.00000e+06 1.00000e-01
143 2.00000e+03 5.00000e+07 2.00000e+06 1.00000e-02
144 2.00000e+03 5.00000e+07 2.00000e+06 1.00000e-03
145 2.00000e+03 1.00000e+08 5.00000e+05 9.00000e-01
146 2.00000e+03 1.00000e+08 5.00000e+05 1.00000e-01
147 2.00000e+03 1.00000e+08 5.00000e+05 1.00000e-02
148 2.00000e+03 1.00000e+08 5.00000e+05 1.00000e-03
149 2.00000e+03 1.00000e+08 7.50000e+05 9.00000e-01
150 2.00000e+03 1.00000e+08 7.50000e+05 1.00000e-01
151 2.00000e+03 1.00000e+08 7.50000e+05 1.00000e-02
152 2.00000e+03 1.00000e+08 7.50000e+05 1.00000e-03
153 2.00000e+03 1.00000e+08 1.00000e+06 9.00000e-01
154 2.00000e+03 1.00000e+08 1.00000e+06 1.00000e-01
155 2.00000e+03 1.00000e+08 1.00000e+06 1.00000e-02
156 2.00000e+03 1.00000e+08 1.00000e+06 1.00000e-03
157 2.00000e+03 1.00000e+08 1.25000e+06 9.00000e-01
158 2.00000e+03 1.00000e+08 1.25000e+06 1.00000e-01
159 2.00000e+03 1.00000e+08 1.25000e+06 1.00000e-02
160 2.00000e+03 1.00000e+08 1.25000e+06 1.00000e-03
161 2.00000e+03 1.00000e+08 1.50000e+06 9.00000e-01
162 2.00000e+03 1.00000e+08 1.50000e+06 1.00000e-01
163 2.00000e+03 1.00000e+08 1.50000e+06 1.00000e-02
164 2.00000e+03 1.00000e+08 1.50000e+06 1.00000e-03
165 2.00000e+03 1.00000e+08 2.00000e+06 9.00000e-01
166 2.00000e+03 1.00000e+08 2.00000e+06 1.00000e-01
167 2.00000e+03 1.00000e+08 2.00000e+06 1.00000e-02
168 2.00000e+03 1.00000e+08 2.00000e+06 1.00000e-03
169 2.00000e+03 1.50000e+08 5.00000e+05 9.00000e-01
170 2.00000e+03 1.50000e+08 5.00000e+05 1.00000e-01
171 2.00000e+03 1.50000e+08 5.00000e+05 1.00000e-02
172 2.00000e+03 1.50000e+08 5.00000e+05 1.00000e-03
173 2.00000e+03 1.50000e+08 7.50000e+05 9.00000e-01
174 2.00000e+03 1.50000e+08 7.50000e+05 1.00000e-01
175 2.00000e+03 1.50000e+08 7.50000e+05 1.00000e-02
176 2.00000e+03 1.50000e+08 7.50000e+05 1.00000e-03
177 2.00000e+03 1.50000e+08 1.00000e+06 9.00000e-01
178 2.00000e+03 1.50000e+08 1.00000e+06 1.00000e-01
179 2.00000e+03 1.50000e+08 1.00000e+06 1.00000e-02
180 2.00000e+03 1.50000e+08 1.00000e+06 1.00000e-03
181 2.00000e+03 1.50000e+08 1.25000e+06 9.00000e-01
182 2.00000e+03 1.50000e+08 1.25000e+06 1.00000e-01
183 2.00000e+03 1.50000e+08 1.25000e+06 1.00000e-02
184 2.00000e+03 1.50000e+08 1.25000e+06 1.00000e-03
185 2.00000e+03 1.50000e+08 1.50000e+06 9.00000e-01
186 2.00000e+03 1.50000e+08 1.50000e+06 1.00000e-01
187 2.00000e+03 1.50000e+08 1.50000e+06 1.00000e-02
188 2.00000e+03 1.50000e+08 1.50000e+06 1.00000e-03
189 2.00000e+03 1.50000e+08 2.00000e+06 9.00000e-01
190 2.00000e+03 1.50000e+08 2.00000e+06 1.00000e-01
191 2.00000e+03 1.50000e+08 2.00000e+06 1.00000e-02
192 2.00000e+03 1.50000e+08 2.00000e+06 1.00000e-03
193 2.00000e+03 2.00000e+08 5.00000e+05 9.00000e-01
194 2.00000e+03 2.00000e+08 5.00000e+05 1.00000e-01
195 2.00000e+03 2.00000e+08 5.00000e+05 1.00000e-02
196 2.00000e+03 2.00000e+08 5.00000e+05 1.00000e-03
197 2.00000e+03 2.00000e+08 7.50000e+05 9.00000e-01
198 2.00000e+03 2.00000e+08 7.50000e+05 1.00000e-01
199 2.00000e+03 2.00000e+08 7.50000e+05 1.00000e-02
200 2.00000e+03 2.00000e+08 7.50000e+05 1.00000e-03
201 2.00000e+03 2.00000e+08 1.00000e+06 9.00000e-01
202 2.00000e+03 2.00000e+08 1.00000e+06 1.00000e-01
203 2.00000e+03 2.00000e+08 1.00000e+06 1.00000e-02
204 2.00000e+03 2.00000e+08 1.00000e+06 1.00000e-03
205 2.00000e+03 2.00000e+08 1.25000e+06 9.00000e-01
206 2.00000e+03 2.00000e+08 1.25000e+06 1.00000e-01
207 2.00000e+03 2.00000e+08 1.25000e+06 1.00000e-02
208 2.00000e+03 2.00000e+08 1.25000e+06 1.00000e-03
209 2.00000e+03 2.00000e+08 1.50000e+06 9.00000e-01
210 2.00000e+03 2.00000e+08 1.50000e+06 1.00000e-01
211 2.00000e+03 2.00000e+08 1.50000e+06 1.00000e-02
212 2.00000e+03 2.00000e+08 1.50000e+06 1.00000e-03
213 2.00000e+03 2.00000e+08 2.00000e+06 9.00000e-01
214 2.00000e+03 2.00000e+08 2.00000e+06 1.00000e-01
215 2.00000e+03 2.00000e+08 2.00000e+06 1.00000e-02
216 2.00000e+03 2.00000e+08 2.00000e+06 1.00000e-03
217 2.00000e+03 5.00000e+08 5.00000e+05 9.00000e-01
218 2.00000e+03 5.00000e+08 5.00000e+05 1.00000e-01
219 2.00000e+03 5.00000e+08 5.00000e+05 1.00000e-02
220 2.00000e+03 5.00000e+08 5.00000e+05 1.00000e-03
221 2.00000e+03 5.00000e+08 7.50000e+05 9.00000e-01
222 2.00000e+03 5.00000e+08 7.50000e+05 1.00000e-01
223 2.00000e+03 5.00000e+08 7.50000e+05 1.00000e-02
224 2.00000e+03 5.00000e+08 7.50000e+05 1.00000e-03
225 2.00000e+03 5.00000e+08 1.00000e+06 9.00000e-01
226 2.00000e+03 5.00000e+08 1.00000e+06 1.00000e-01
227 2.00000e+03 5.00000e+08 1.00000e+06 1.00000e-02
228 2.00000e+03 5.00000e+08 1.00000e+06 1.00000e-03
229 2.00000e+03 5.00000e+08 1.25000e+06 9.00000e-01
230 2.00000e+03 5.00000e+08 1.25000e+06 1.00000e-01
231 2.00000e+03 5.00000e+08 1.25000e+06 1.00000e-02
232 2.00000e+03 5.00000e+08 1.25000e+06 1.00000e-03
233 2.00000e+03 5.00000e+08 1.50000e+06 9.00000e-01
234 2.00000e+03 5.00000e+08 1.50000e+06 1.00000e-01
235 2.00000e+03 5.00000e+08 1.50000e+06 1.00000e-02
236 2.00000e+03 5.00000e+08 1.50000e+06 1.00000e-03
237 2.00000e+03 5.00000e+08 2.00000e+06 9.00000e-01
238 2.00000e+03 5.00000e+08 2.00000e+06 1.00000e-01
239 2.00000e+03 5.00000e+08 2.00000e+06 1.00000e-02
240 2.00000e+03 5.00000e+08 2.00000e+06 1.00000e-03
