  0.99980681901930812        61684582557574.867        0.0000000000000000        4.6512683097205674        672.49999999925126        1.9324671551805331E-008   2.6708992091438453E-012
   1.0000000000000000        61684582557574.867        0.0000000000000000        4.6512683097205674        672.49999973620186        1.9552521240618670E-008   2.7062939453280209E-012
   1.0001931809806919        61522617263951.492       -260.86999225435858        4.6346421970825462        671.86023024317649        1.9732195104403326E-008   2.7323192497924837E-012
   1.0003863619613838        61169259988952.609        21.743661673148146        4.5965392522350141        670.18587776659331        1.9851752650402850E-008   2.7454676712892757E-012
   1.0005795429420756        60823097139615.422      -0.59427244049247385        4.5607527463248356        668.75266043590841        1.9973482407088016E-008   2.7599396059904450E-012
   1.0007727239227675        60493380638591.586        4.5788098342586148        4.5246882383372675        667.08062996035471        2.0100544323792323E-008   2.7740366790720614E-012
   1.0009659049034594        60217325469062.016        2.0509398402823358        4.4890714135814624        664.86363030755217        2.0245684334082672E-008   2.7881006879660094E-012
   1.0011590858841513        59956733104696.688        2.6907129913453667        4.4535451199699168        662.46878589484209        2.0396741117886556E-008   2.8020664034645058E-012
   1.0013522668648434        59600362793141.328        2.1200930953938681        4.4182465797549462        661.14782106850396        2.0515665650074982E-008   2.8164596467250955E-012
   1.0015454478455352        58994520301262.094        2.0140315025562958        4.3832319343310120        662.64404805002903        2.0547362199088505E-008   2.8318702672409819E-012
   1.0017386288262271        58000182305492.094        1.9858751129578742        4.3487059068795864        668.69519604003381        2.0438714703031374E-008   2.8488856852138020E-012
   1.0019318098069190        56619025538819.562        2.2877034701306869        4.3148937097110487        679.68116382160576        2.0183868891883132E-008   2.8675251625188972E-012
   1.0021249907876109        55008758022062.062        2.6877999169738178        4.2819793781695390        694.24099271354214        1.9833301747384292E-008   2.8871562462304263E-012
   1.0023181717683027        53389471545157.305        3.0968881249456262        4.2500310635875787        709.96020033505204        1.9463541247727068E-008   2.9068199007043555E-012
   1.0025113527489946        51972032371400.570        3.3922904340998161        4.2189913642885308        723.99648295113263        1.9152190448033507E-008   2.9255117079775761E-012
   1.0027045337296865        50902381054302.992        3.4696977067739079        4.1886970759804543        733.90251416050319        1.8956798340114523E-008   2.9424633825643033E-012
   1.0028977147103784        50205959903088.305        3.3074823190415290        4.1589336362795981        738.79548841825385        1.8892323231418075E-008   2.9574893107581573E-012
   1.0030908956910702        49784280482913.883        3.0708906675993646        4.1295089096645556        739.78188318961497        1.8927044969678341E-008   2.9710699246496528E-012
   1.0032840766717621        49504924544664.125        2.8901243517768052        4.1003010840598373        738.69449696105198        1.9014317345469001E-008   2.9838961965182187E-012
   1.0034772576524540        49268187526989.547        2.7753082835183562        4.0712563960606216        736.98625187743926        1.9117647534650749E-008   2.9964978251656497E-012
   1.0036704386331459        49011426890401.891        2.7380758777769065        4.0423681642572875        735.59037249827998        1.9213135384418956E-008   3.0092073256592992E-012
   1.0038636196138377        48710674048320.312        2.7623849541006202        4.0136553744135313        734.87497474962299        1.9290953329383772E-008   3.0221499525412927E-012
   1.0040568005945296        48372817734800.109        2.8147223988466781        3.9851417894684684        734.75053251954671        1.9353125972901257E-008   3.0352851357391325E-012
   1.0042499815752217        48017803806153.172        2.8639990005088038        3.9568430499390046        734.92673851637437        1.9407080993608014E-008   3.0485016688720977E-012
   1.0044431625559136        47662855383983.000        2.8965815318697277        3.9287637999345861        735.14562975379522        1.9459532884458661E-008   3.0617031577466858E-012
   1.0046363435366055        47316055241601.414        2.9141530658737067        3.9009013341846175        735.28202997342669        1.9513777652757408E-008   3.0748438074489739E-012
   1.0048295245172973        46977843523409.414        2.9247999103620219        3.8732505541752786        735.32618385926048        1.9570095628593407E-008   3.0879207723015164E-012
   1.0050227054979892        46645409307273.531        2.9353212363038037        3.8458071218232477        735.31953999158861        1.9627410424034523E-008   3.1009497771582212E-012
   1.0052158864786811        46316103806861.727        2.9485055835912490        3.8185683102454835        735.30253109137993        1.9684657337175739E-008   3.1139456869935029E-012
   1.0054090674593730        45988684518933.578        2.9640828936946439        3.7915325155748696        735.29449229488489        1.9741320322935243E-008   3.1269152237910992E-012
   1.0056022484400648        45663046898689.078        2.9807500874242998        3.7646985100807764        735.29706120817616        1.9797350651400746E-008   3.1398584261798845E-012
   1.0057954294207567        45339521772034.109        2.9975219759159262        3.7380649921033706        735.30484474778279        1.9852888191503029E-008   3.1527727424365913E-012
   1.0059886104014486        45018393404593.719        3.0140677298209511        3.7116304816990722        735.31301794676881        1.9908059609900566E-008   3.1656559006671504E-012
   1.0061817913821405        44699761847936.164        3.0304690011504367        3.6853933917541011        735.31962534112881        1.9962915823806775E-008   3.1785067528259064E-012
   1.0063749723628324        44383601373893.789        3.0469009734074968        3.6593521179708683        735.32473597114426        2.0017453618406051E-008   3.1913249320409531E-012
   1.0065681533435245        44069851324733.961        3.0634690321025140        3.6335050840087684        735.32900986224320        2.0071653723819268E-008   3.2041102974401526E-012
   1.0067613343242172        43758464924107.414        3.0801946502126984        3.6078507464270118        735.33289977748530        2.0125502319835308E-008   3.2168626292378389E-012
   1.0069545153049126        43449416060022.938        3.0970613793999142        3.5823875843500774        735.33652656386278        2.0178994538844277E-008   3.2295815842362545E-012
   1.0071476962856181        43142688949588.375        3.1140501910941660        3.5571140905940286        735.33984142043789        2.0232130164507798E-008   3.2422667604324021E-012
   1.0073408772663635        42838268724174.352        3.1311552667071822        3.5320287686352465        735.34278075639975        2.0284909447560083E-008   3.2549177569865859E-012
   1.0075340582472700        42536137965577.734        3.1483731565672062        3.5071301329907674        735.34532570068427        2.0337331476156165E-008   3.2675341977428801E-012
   1.0077272392288206        42236277306918.383        3.1657196321353069        3.4824167109964055        735.34749358755425        2.0389394390092882E-008   3.2801157271997341E-012
   1.0079204202129468        41938667293063.148        3.1831595351730573        3.4578870419865768        735.34930647204555        2.0441096233664989E-008   3.2926619976104987E-012
   1.0081136012073761        41643290018432.062        3.2007684348908385        3.4335396802340865        735.35076301601782        2.0492435767399898E-008   3.3051726637678478E-012
   1.0083067822430178        41350129546940.320        3.2182232676785918        3.4093731836678658        735.35182770234098        2.0543412757293605E-008   3.3176473766470364E-012
   1.0084999634435086        41059171633245.125        3.2359409812517588        3.3853861350782983        735.35243926648820        2.0594028067821668E-008   3.3300858418063544E-012
   1.0086931453033960        40770400357284.555        3.2512285546787703        3.3615770586827676        735.35255220848353        2.0644282708484701E-008   3.3424878835591995E-012
   1.0088863298008699        40483797829506.859        3.2664814199365866        3.3379445342476481        735.35216791530422        2.0694180467367357E-008   3.3548540894918670E-012
   1.0090795248486899        40199330310736.906        3.2629843068683808        3.3144863675596690        735.35140618191951        2.0743732009431263E-008   3.3671870875903621E-012
   1.0092727620978945        39916951937064.133        3.2812548361986589        3.2911992363402960        735.35036167211285        2.0793001619396783E-008   3.3794994522108227E-012
   1.0094661681526369        39636460809440.445        3.3803148112390451        3.2680667346591714        735.34908270012602        2.0842212154796592E-008   3.3918347684553192E-012
   1.0096602494295313        39357083701218.141        3.4071741399825051        3.2450257321378939        735.34770556711408        2.0891660418331626E-008   3.4042578868850501E-012
   1.0098558819525563        39077618262309.820        3.3247947163769456        3.2219741334320808        735.34555256401313        2.0941460550952491E-008   3.4168016627899836E-012
   1.0100536957928659        38797278693093.984        3.3147272996213628        3.1988395905637841        735.34086936678989        2.0991569071089247E-008   3.4294600520187483E-012
   1.0102538640595016        38515949062196.211        3.3645289827433635        3.1756053449632922        735.33193317637506        2.1041984317068224E-008   3.4422270851716775E-012
   1.0104564147753923        38233728337880.109        3.3932763805831794        3.1522747429744307        735.31752661664063        2.1092745970144852E-008   3.4551043870614943E-012
   1.0106613762970034        37950657417988.594        3.4139992720916705        3.1288499139176471        735.29723464455219        2.1143863054501418E-008   3.4680926284690298E-012
   1.0108687773183052        37666711263759.461        3.4350531261121198        3.1053324301519987        735.27178425920192        2.1195307667073708E-008   3.4811922728815494E-012
   1.0110786468747903        37381826451090.438        3.4559211492641517        3.0817239800677241        735.24270639465487        2.1247028409068762E-008   3.4944041104261444E-012
   1.0112910143475387        37095937531783.844        3.4773879815573210        3.0580263016261093        735.21163023995973        2.1298969844170126E-008   3.5077288700117287E-012
   1.0115059094673300        36809007651387.992        3.4993234928509600        3.0342412358614657        735.17968884967274        2.1351090033428720E-008   3.5211670381582596E-012
   1.0117233623188076        36521035890045.688        3.5217899544485878        3.0103706919482667        735.14734384481619        2.1403365703473631E-008   3.5347187714554416E-012
   1.0119434033446884        36232045785898.812        3.5447314239723000        2.9864166359178870        735.11458918835751        2.1455786645576489E-008   3.5483839937195861E-012
   1.0121660633500265        35942069928648.500        3.5681424746545769        2.9623810782255120        735.08124456764540        2.1508347342491765E-008   3.5621625188225022E-012
   1.0123913735065240        35651140874361.000        3.5920217757616717        2.9382660721536218        735.04713524379747        2.1561041789418435E-008   3.5760541277039899E-012
   1.0126193653568960        35359288664844.195        3.6163826802739778        2.9140737146232314        735.01214400698450        2.1613861961287583E-008   3.5900585888544680E-012
   1.0128500708192871        35066541241715.871        3.6412390031658073        2.8898061481175823        734.97620533870031        2.1666797953406091E-008   3.6041756545270545E-012
   1.0130835221917385        34772925349332.953        3.6666062105670707        2.8654655620663614        734.93928883190972        2.1719838439665097E-008   3.6184050522026488E-012
   1.0133197521567103        34478467407917.141        3.6925000435360751        2.8410541937694931        734.90138230048694        2.1772971148637348E-008   3.6327464761035391E-012
   1.0135587937856565        34183194318652.332        3.7189355863344185        2.8165743287023441        734.86247533756318        2.1826183335062979E-008   3.6471995790581285E-012
   1.0138006805436559        33887134009267.453        3.7459274353245928        2.7920283003418862        734.82254752719018        2.1879462122072795E-008   3.6617639665488037E-012
   1.0140454462940955        33590315555921.492        3.7734890602574218        2.7674184897108010        734.78156522188408        2.1932794594123407E-008   3.6764391943995373E-012
   1.0142931253034133        33292768954015.402        3.8016339772246188        2.7427473248949510        734.73948589591930        2.1986167666936083E-008   3.6912247699560457E-012
   1.0145437522458938        32994524779057.148        3.8303766418227974        2.7180172807477856        734.69626522041619        2.2039567873451771E-008   3.7061201543022177E-012
   1.0147973622085227        32695613959303.152        3.8597322160128003        2.6932308787478574        734.65186205640714        2.2092981208951056E-008   3.7211247635795924E-012
   1.0150539906958995        32396067739819.871        3.8897173268474678        2.6683906869358638        734.60623940530093        2.2146393095242302E-008   3.7362379685291610E-012
   1.0153136736352082        32095917778541.168        3.9203487782350237        2.6434993197972325        734.55936237520234        2.2199788433938727E-008   3.7514590926542675E-012
   1.0155764473812456        31795196264870.250        3.9516440033270892        2.6185594380214927        734.51119548197573        2.2253151681202355E-008   3.7667874101575530E-012
   1.0158423487215118        31493935985920.379        3.9836207719975936        2.5935737481728651        734.46170099450649        2.2306466892726673E-008   3.7822221444218886E-012
   1.0161114148813610        31192170328913.637        4.0162968915867845        2.5685450022673133        734.41083865821770        2.2359717727392186E-008   3.7977624670259684E-012
   1.0163836835292117        30889933250355.816        4.0496913649150050        2.5434759973427243        734.35856619445474        2.2412887428321107E-008   3.8134074972405911E-012
   1.0166591927818207        30587259244626.137        4.0838230576940360        2.5183695749960577        734.30483983499596        2.2465958802814000E-008   3.8291563015546970E-012
   1.0169379812096198        30284183326405.316        4.1187122909123630        2.4932286209021908        734.24961454425386        2.2518914211400412E-008   3.8450078929997841E-012
   1.0172200878421140        29980741025031.883        4.1543793562981870        2.4680560643022327        734.19284395580155        2.2571735565925999E-008   3.8609612303919122E-012
   1.0175055521733474        29676968382432.262        4.1908457171511397        2.4428548774384096        734.13448020651435        2.2624404331532885E-008   3.8770152176390066E-012
   1.0177944141674313        29372901949008.184        4.2281331638169259        2.4176280749582251        734.07447379660823        2.2676901527589364E-008   3.8931687029615482E-012
   1.0180867142641388        29068578776395.836        4.2662643829587230        2.3923787132642720        734.01277350899329        2.2729207727547427E-008   3.9094204782425318E-012
   1.0183824933845671        28764036408428.082        4.3052626719008895        2.3671098898315521        733.94932635898840        2.2781303058124468E-008   3.9257692783972454E-012
   1.0186817929368652        28459312871475.848        4.3451522745619426        2.3418247424828675        733.88407754509467        2.2833167198794818E-008   3.9422137807672145E-012
   1.0189846548220320        28154446664596.512        4.3859579176557260        2.3165264486141504        733.81697038786285        2.2884779382001614E-008   3.9587526045332234E-012
   1.0192911214397817        27849476749522.062        4.4277054861353093        2.2912182243837176        733.74794625908953        2.2936118394110106E-008   3.9753843101594121E-012
   1.0196012356944799        27544442540123.582        4.4704215169385932        2.2659033238620867        733.67694450886302        2.2987162576812567E-008   3.9921073988578031E-012
   1.0199150410011495        27239383891288.324        4.5141333640338352        2.2405850381231640        733.60390238639638        2.3037889828993176E-008   4.0089203120494475E-012
   1.0202325812915494        26934341087191.859        4.5588696063391687        2.2152666943097867        733.52875496552667        2.3088277609037008E-008   4.0258214308795622E-012
   1.0205539010203244        26629354829123.684        4.6046593468265451        2.1899516546424338        733.45143506064358        2.3138302937732000E-008   4.0428090757256653E-012
   1.0208790451712288        26324466222589.773        4.6515330396032111        2.1646433153849993        733.37187314486061        2.3187942401547583E-008   4.0598815057271986E-012
   1.0212080592634245        26019716764063.156        4.6995219912870931        2.1393451057749711        733.28999726218467        2.3237172156557331E-008   4.0770369183284943E-012
   1.0215409893578522        25715148327006.465        4.7486585506627534        2.1140604868943709        733.20573293656093        2.3285967932751021E-008   4.0942734488051082E-012
   1.0218778820636814        25410803147622.664        4.7989762240045497        2.0887929505037142        733.11900307253461        2.3334305039153936E-008   4.1115891698104593E-012
   1.0222187845448343        25106723809859.172        4.8505097240482007        2.0635460178346516        733.02972785834481        2.3382158369265993E-008   4.1289820909149041E-012
   1.0225637445265889        24802953229672.133        4.9032948114776636        2.0383232383292422        732.93782466738151        2.3429502406804314E-008   4.1464501581042173E-012
   1.0229128103022616        24499534639084.805        4.9573685773773732        2.0131281883348859        732.84320794713142        2.3476311232384347E-008   4.1639912532817488E-012
   1.0232660307399659        24196511569534.922        5.0127693735161083        1.9879644697597028        732.74578910911316        2.3522558530454423E-008   4.1816031937216968E-012
   1.0236234552894552        23893927834673.305        5.0695369886362052        1.9628357086822672        732.64547641463787        2.3568217596758292E-008   4.1992837314880881E-012
   1.0239851339890460        23591827512577.508        5.1277123043029080        1.9377455539074411        732.54217485448385        2.3613261346295889E-008   4.2170305527955209E-012
   1.0243511174726214        23290254927593.055        5.1873381317632745        1.9126976754900482        732.43578602096670        2.3657662321723439E-008   4.2348412772749487E-012
   1.0247214569767222        22989254631422.930        5.2484582335177370        1.8876957632067104        732.32620798250878        2.3701392702314037E-008   4.2527134572372026E-012
   1.0250962043477170        22688871383866.359        5.3111183985919892        1.8627435249830755        732.21333514164303        2.3744424313044984E-008   4.2706445767021760E-012
   1.0254754120490626        22389150133041.359        5.3753657960202146        1.8378446852870440        732.09705809495688        2.3786728634455993E-008   4.2886320504411111E-012
   1.0258591331686486        22090135994894.578        5.4412493344806858        1.8130029834661092        731.97726348670051        2.3828276812504376E-008   4.3066732228141450E-012
   1.0262474214262280        21791874232332.367        5.5088196864182741        1.7882221720500213        731.85383385364514        2.3869039668726208E-008   4.3247653664313973E-012
   1.0266403311809391        21494410233846.254        5.5781294600108078        1.7635060150140789        731.72664746722364        2.3908987710880873E-008   4.3429056807072886E-012
   1.0270379174389155        21197789491527.660        5.6492329654860356        1.7388582859947543        731.59557816872370        2.3948091143524392E-008   4.3610912901559965E-012
   1.0274402358609869        20902057578691.410        5.7221867032761748        1.7142827664683729        731.46049519389737        2.3986319878650377E-008   4.3793192424138724E-012
   1.0278473427704700        20607260127041.727        5.7970491734371317        1.6897832438947571        731.32126299659740        2.4023643546859958E-008   4.3975865061402223E-012
   1.0282592951610561        20313442803326.152        5.8738809716203129        1.6653635098149382        731.17774105694673        2.4060031507910752E-008   4.4158899684445856E-012
   1.0286761507047875        20020651285616.789        5.9527450537099664        1.6410273579167811        731.02978368685945        2.4095452861783421E-008   4.4342264321498929E-012
   1.0290979677601335        19728931239074.539        6.0337066777360038        1.6167785820653500        730.87723982661123        2.4129876459145841E-008   4.4525926126007569E-012
   1.0295248053801589        19438328291313.969        6.1168335090809638        1.5926209742937472        730.71995283276203        2.4163270911829200E-008   4.4709851341328504E-012
   1.0299567233207920        19148888007438.184        6.2021957584697214        1.5685583227623121        730.55776025297735        2.4195604602876448E-008   4.4894005260605507E-012
   1.0303937820491902        18860655864653.527        6.2898665061540289        1.5445944096917179        730.39049359638705        2.4226845696213817E-008   4.5078352182392048E-012
   1.0308360427522045        18573677226521.031        6.3799211668356124        1.5207330092538924        730.21797808951328        2.4256962145892516E-008   4.5262855361069191E-012
   1.0312835673449467        18287997316844.898        6.4724385847410497        1.4969778854416691        730.04003242451199        2.4285921704562553E-008   4.5447476951603248E-012
   1.0317364184794564        18003661193269.148        6.5675001859303075        1.4733327899108357        729.85646849617763        2.4313691931355718E-008   4.5632177948606182E-012
   1.0321946595534719        17720713720546.688        6.6651907349680544        1.4498014597879885        729.66709112318483        2.4340240198816866E-008   4.5816918118446450E-012
   1.0326583547193069        17439199543484.146        6.7655984343512126        1.4263876154675836        729.47169776682529        2.4365533698951720E-008   4.6001655925293046E-012
   1.0331275688928305        17159163059728.322        6.8688145131349065        1.4030949583726378        729.27007822533585        2.4389539448297896E-008   4.6186348449166573E-012
   1.0336023677625557        16880648392120.549        6.9749342901985676        1.3799271687027193        729.06201432608964        2.4412224291481086E-008   4.6370951296269871E-012
   1.0340828177988350        16603699361088.250        7.0840564112207733        1.3568879031638488        728.84727959679901        2.4433554904105355E-008   4.6555418501833474E-012
   1.0345689862631666        16328359456562.750        7.1962837373383861        1.3339807926770433        728.62563892882508        2.4453497793570372E-008   4.6739702423312258E-012
   1.0350609412176115        16054671810087.031        7.3117231039866519        1.3112094400783656        728.39684821460799        2.4472019299021452E-008   4.6923753624913465E-012
   1.0355587515343205        15782679166458.545        7.4304855509905812        1.2885774177991627        728.16065397991633        2.4489085589256544E-008   4.7107520752426631E-012
   1.0360624869051764        15512423855612.668        7.5526868240286236        1.2660882655441374        727.91679298616475        2.4504662659288235E-008   4.7290950397706440E-012
   1.0365722178515520        15243947764225.234        7.6784471440264239        1.2437454879592531        727.66499182402367        2.4518716324941276E-008   4.7473986953020663E-012
   1.0370880157341806        14977292307221.396        7.8078917831238481        1.2215525522918360        727.40496649119018        2.4531212215659936E-008   4.7656572454962372E-012
   1.0376099527631488        14712498399428.789        7.9411509481693887        1.1995128860491520        727.13642194207580        2.4542115765469586E-008   4.7838646416693365E-012
   1.0381381020080038        14449606427098.209        8.0783605828744527        1.1776298746616412        726.85905162593019        2.4551392201595587E-008   4.8020145648606392E-012
   1.0386725374079835        14188656219541.799        8.2196617766928970        1.1559068591428259        726.57253699792523        2.4559006531216081E-008   4.8201004067186774E-012
   1.0392133337823679        13929687020857.385        8.3652019786460752        1.1343471337562125        726.27654700866412        2.4564923526138086E-008   4.8381152491939202E-012
   1.0397605668409537        13672737461855.225        8.5151344416534229        1.1129539436927121        725.97073757020303        2.4569107705797467E-008   4.8560518431074630E-012
   1.0403143131946531        13417845531845.713        8.6696191423856650        1.0917304827549443        725.65475100552203        2.4571523317238446E-008   4.8739025853543746E-012
   1.0408746503662187        13165048550976.559        8.8288226640356839        1.0706798910588693        725.32821545683953        2.4572134313751102E-008   4.8916594949124760E-012
   1.0414416568010980        12914383142531.848        8.9929188642454392        1.0498052527503976        724.99074427966389        2.4570904331041530E-008   4.9093141876314516E-012
   1.0420154118784128        12665885205623.760        9.1620888280663397        1.0291095937405161        724.64193540360588        2.4567796661952440E-008   4.9268578498856849E-012
   1.0425959959220756        12419589888091.936        9.3365217532521516        1.0085958794653251        724.28137066542240        2.4562774228764316E-008   4.9442812109274605E-012
   1.0431834902120314        12175531559788.107        9.5164147456458945       0.98826701267043471        723.90861510464845        2.4555799553624642E-008   4.9615745140026895E-012
   1.0437779769956383        11933743786143.455        9.7019737809338622       0.96812583122313456        723.52321624327021        2.4546834728335889E-008   4.9787274867129153E-012
   1.0443795394991822        11694259302236.967        9.8934136454579633       0.94817510595753085        723.12470330788483        2.4535841381244842E-008   4.9957293097906565E-012
   1.0449882619395265        11457109987234.225        10.090958841511835       0.92841753855413101        722.71258643751059        2.4522780644388295E-008   5.0125685854066029E-012
   1.0456042295359045        11222326839354.232        10.294843681104361       0.90885575945809816        722.28635583679113        2.4507613118496094E-008   5.0292333041664589E-012
   1.0462275285218479        10989939951233.125        10.505312995769490       0.88949232583604609        721.84548090817555        2.4490298838255703E-008   5.0457108116884857E-012
   1.0468582461572598        10759978485821.791        10.722622768213922       0.87032971958140837        721.38940933790184        2.4470797236291407E-008   5.0619877742508396E-012
   1.0474964707406318        10532470652689.543        10.947040248885500       0.85137034536256639        720.91756615096449        2.4449067106987535E-008   5.0780501439765199E-012
   1.0481422916214038        10307443685044.830        11.178845349988803       0.83261652872639025        720.42935272581258        2.4425066571383419E-008   5.0938831238451552E-012
   1.0487957992124739        10084923817399.408        11.418330212497020       0.81407051425227817        719.92414575919463        2.4398753042663349E-008   5.1094711324437627E-012
   1.0494570850028553        9864936264077.5254        11.665801119468480       0.79573446376536905        719.40129617023695        2.4370083193013837E-008   5.1247977686490515E-012
   1.0501262415704851        9647505198401.7148        11.921577977800109       0.77761045460981293        718.86012797028900        2.4339012923486857E-008   5.1398457769893744E-012
   1.0508033625951843        9432653732694.5566        12.185996017120063       0.75970047798156548        718.29993706060588        2.4305497335521464E-008   5.1545970131861045E-012
   1.0514885428717728        9220403898869.4062        12.459406167091128       0.74200643733388649        717.71999000961284        2.4269490706385060E-008   5.1690324110132366E-012
   1.0521818783233412        9010776629628.2051        12.742175715845550       0.72453014684496309        717.11952277743433        2.4230946467249853E-008   5.1831319500797844E-012
   1.0528834660146775        8803791740441.7363        13.034689850897715       0.70727332996388004        716.49773940870637        2.4189817186745362E-008   5.1968746255870899E-012
   1.0535934041658592        8599467912491.0479        13.337351939819731       0.69023761803203743        715.85381065544652        2.4146054559410334E-008   5.2102384198112642E-012
   1.0543117921660010        8397822676538.1543        13.650584917505116       0.67342454897917803        715.18687255065731        2.4099609401735162E-008   5.2232002763875421E-012
   1.0550387305871698        8198872398031.4160        13.974832349318122       0.65683556610480109        714.49602489283620        2.4050431655589822E-008   5.2357360772478910E-012
   1.0557743211984651        8002632263139.2354        14.310559423477658       0.64047201694177691        713.78032968048046        2.3998470401007290E-008   5.2478206233258261E-012
   1.0565186669802655        7809116265627.0527        14.658254320823112       0.62433515220614111        713.03880949279562        2.3943673877741671E-008   5.2594276191530179E-012
   1.0572718721386467        7618337194601.2598        15.018429353249914       0.60842612483637371        712.27044582534563        2.3885989517192226E-008   5.2705296621352577E-012
   1.0580340421199683        7430306623067.8496        15.391622608523358       0.59274598912610621        711.47417738768434        2.3825363985134648E-008   5.2810982370149527E-012
   1.0588052836256379        7245034897458.1406        15.778399036942773       0.57729569995059493        710.64889835635381        2.3761743237092938E-008   5.2911037162739304E-012
   1.0595857046270476        7062531128351.2783        16.179352502686864       0.56207611209155994        709.79345656321209        2.3695072587731255E-008   5.3005153670091330E-012
   1.0603754143806903        6882803182359.2383        16.595107061150379       0.54708797966224598        708.90665162274786        2.3625296795141618E-008   5.3093013649173966E-012
   1.0611745234434549        6705857675256.5215        17.026318873831297       0.53233195563161007        707.98723299131882        2.3552360161623634E-008   5.3174288161279391E-012
   1.0619831436881044        6531699966221.3164        17.473678340314578       0.51780859145534353        707.03389798609851        2.3476206651919633E-008   5.3248637877807771E-012
   1.0628013883189371        6360334153155.4971        17.937911691487876       0.50351833681049918        706.04528974744346        2.3396780028079655E-008   5.3315713474072016E-012
   1.0636293718876357        6191763069164.4229        18.419783696288757       0.48946153943778248        705.01999516815852        2.3314024004103958E-008   5.3375156125457917E-012
   1.0644672103093031        6025988280118.4551        18.920099402039948       0.47563844509270853        703.95654278983341        2.3227882419575855E-008   5.3426598108176137E-012
   1.0653150208786908        5863010083411.7031        19.439707433626818       0.46204919760924501        702.85340066344963        2.3138299433267415E-008   5.3469663511054692E-012
   1.0661729222866199        5702827507991.3525        19.979501778649325       0.44869383907445975        701.70897417708591        2.3045219738281523E-008   5.3503969067023619E-012
   1.0670410346365971        5545438315594.4248        20.540425377102348       0.43557231011502617        700.52160385555976        2.2948588798166674E-008   5.3529125107640253E-012
   1.0679194794616289        5390839003237.6016        21.123472925304718       0.42268445030145135        699.28956315517405        2.2848353105563460E-008   5.3544736651340080E-012
   1.0688083797412367        5239024806958.7041        21.729694201948234       0.41002999866519046        698.01105623595492        2.2744460462034651E-008   5.3550404625116557E-012
   1.0697078599186718        5089989706822.0547        22.360197563285688       0.39760859433092877        696.68421574420995        2.2636860281180585E-008   5.3545727233558875E-012
   1.0706180459183379        4943726433225.9102        23.016154190151074       0.38541977726754950        695.30710060477168        2.2525503914384398E-008   5.3530301479685356E-012
   1.0715390651634209        4800226474495.3789        23.698801639450540       0.37346298915408738        693.87769383339730        2.2410344999692640E-008   5.3503724847726904E-012
   1.0724710465937271        4659480085803.1582        24.409448725275475       0.36173757436094478        692.39390037953137        2.2291339834913077E-008   5.3465597161922867E-012
   1.0734141206837335        4521476299406.5029        25.149480407640368       0.35024278105038481        690.85354502261555        2.2168447776086802E-008   5.3415522640557782E-012
   1.0743684194608560        4386202936197.3403        25.920362470113602       0.33897776238982863        689.25437033253820        2.2041631663962963E-008   5.3353112173338433E-012
   1.0753340765239305        4253646618597.1621        26.723647868550252       0.32794157788108791        687.59403470766404        2.1910858281899531E-008   5.3277985861254031E-012
   1.0763112270619177        4123792784759.7090        27.560982198112661       0.31713319480425617        685.87011052275989        2.1776098851821381E-008   5.3189775881698473E-012
   1.0773000078728283        3996625704111.7388        28.434110715691741       0.30655148977323254        684.08008239503931        2.1637329577712260E-008   5.3088129766112779E-012
   1.0783005573828752        3872128494187.3804        29.344885278478838       0.29619525040360534        682.22134560799998        2.1494532251648904E-008   5.2972714222466168E-012
   1.0793130156658526        3750283138726.3311        30.295272191549230       0.28606317708953333        680.29120472189186        2.1347694944429195E-008   5.2843219691231020E-012
   1.0803375244627442        3631070506986.1938        31.287360628187020       0.27615388488881115        678.28687240875013        2.1196812812640194E-008   5.2699365903486357E-012
   1.0813742272015696        3514470374225.7524        32.323371886632515       0.26646590551420801        676.20546856458247        2.1041889069128763E-008   5.2540908823699531E-012
   1.0824232690174607        3400461443198.2544        33.405669285504267       0.25699768942859086        674.04401976186887        2.0882936180728464E-008   5.2367649501304082E-012
   1.0834847967729822        3289021366585.0083        34.536769111547471       0.24774760804197454        671.79945911854634        2.0719977384157733E-008   5.2179445553858789E-012
   1.0845589590786908        3180126770098.6245        35.719352766470777       0.23871395601026899        669.46862669893687        2.0553048641062415E-008   5.1976226247648316E-012
   1.0856459063139410        3073753276045.7275        36.956279280559578       0.22989495363208362        667.04827057775401        2.0382201196353621E-008   5.1758012458134044E-012
   1.0867457906479370        2969875527005.7954        38.250600371767050       0.22128874934518389        664.53504874955263        2.0207504953966260E-008   5.1524943173795034E-012
   1.0878587660610366        2868467209306.0142        39.605575353197139       0.21289342232190064        661.92553209892867        2.0029052948634090E-008   5.1277310671708638E-012
   1.0889849883663072        2769501075758.9429        41.024689232269424       0.20470698516485908        659.21620873676773        1.9846967266374791E-008   5.1015607033134932E-012
   1.0901246152313397        2672948966970.0996        42.511670793055266       0.19672738670583886        656.40349010700027        1.9661406853203070E-008   5.0740585280665842E-012
   1.0912778062003217        2578781830191.7881        44.070514816102694       0.18895251491486628        653.48371944971018        1.9472577749041654E-008   5.0453339093766586E-012
   1.0924447227163721        2486969734392.8115        45.705504301670153       0.18138019992817306        650.45318340405447        1.9280746389465839E-008   5.0155405763954611E-012
   1.0936255281441440        2397481880167.2954        47.421237615829185       0.17400821720852844        647.30812772528657        1.9086256730984115E-008   4.9848897751631053E-012
   1.0948203877926945        2310286603465.7725        49.222657794374143       0.16683429085952656        644.04477820964723        1.8889552070760688E-008   4.9536668845159286E-012
   1.0960294689386272        2225351372667.7856        51.115085962552477       0.15985609711267387        640.65936796544804        1.8691202540773216E-008   4.9222521429220510E-012
   1.0972529408495109        2142642778987.4592        53.104259871105555       0.15307126801373874        637.14817225292131        1.8491939346116987E-008   4.8911461660584527E-012
   1.0984909748075764        2062126519820.6174        55.196376957743020       0.14647739533452689        633.50755243285505        1.8292696868122227E-008   4.8610009326430981E-012
   1.0997437441336952        1983767373213.6570        57.398143639198999       0.14007203473992527        629.73401129917261        1.8094663745386028E-008   4.8326568718751418E-012
   1.1010114242116449        1907529159573.6245        59.716832240563505       0.13385271025332451        625.82426324259245        1.7899343962435383E-008   4.8071865889351510E-012
   1.1022941925126604        1833374685206.0500        62.160346964793625       0.12781691907892154        621.77532400470830        1.7708628805859583E-008   4.7859456048161267E-012
   1.1035922286202817        1761265662866.7988        64.737303478339868       0.12196213686085738        617.58462568966058        1.7524880285474731E-008   4.7706302541211338E-012
   1.1049057142554932        1691162608154.3608        67.457124030555008       0.11628582347253788        613.25016263414750        1.7351026255776249E-008   4.7633425728654253E-012
   1.1062348333021645        1623024716848.8374        70.330154832923895       0.11078542942968277        608.77067245093747        1.7190666991118235E-008   4.7666616148017415E-012
   1.1075797718327944        1556809735175.0491        73.367807369703669       0.10545840299695940        604.14585440175347        1.7048192330835865E-008   4.7837201616229699E-012
   1.1089407181345596        1492473839636.6287        76.582729545916791       0.10030219801143890        599.37662511700921        1.6928907667627279E-008   4.8182852475974682E-012
   1.1103178627356742        1429971543360.6013        79.989010234343382        9.5314282390776217E-002   594.46541067296153        1.6839165951489949E-008   4.8748403175380611E-012
   1.1117113984320637        1369255641417.4929        83.602422599062123        9.0492147237486081E-002   589.41647489006471        1.6786501481313542E-008   4.9586661993859393E-012
   1.1131215203143556        1310277200509.4165        87.440716093809627        8.5833316414629601E-002   584.23628632306111        1.6779759540542398E-008   5.0759174264967992E-012
   1.1145484257951916        1252985592416.7205        91.523965669227536        8.1335356448281659E-002   578.93392967070861        1.6829213909302736E-008   5.2336898221155477E-012
   1.1159923146368642        1197328569650.7883        95.874998301790029        7.6995886608739753E-002   573.52156947779156        1.6946661978931373E-008   5.4400746960985216E-012
   1.1174533889792835        1143252388047.0327        100.51990985545581        7.2812589005675693E-002   568.01497321883380        1.7145484639717287E-008   5.7041945404205206E-012
   1.1189318533682751        1090701994204.0148        105.48869800871154        6.8783218480937755E-002   562.43409599058282        1.7440655359111350E-008   6.0362147870954430E-012
   1.1204279147842173        1039621312619.0137        110.81602814295927        6.4905611975519514E-002   556.80372003728473        1.7848680006553481E-008   6.4473260538603868E-012
   1.1219417826710170        989953683298.45227        116.54215279245683        6.1177696866940100E-002   551.15413017598610        1.8387446204008518E-008   6.9496913984252626E-012
   1.1234736689654303        941642510692.43933        122.71400098580322        5.7597497538561360E-002   545.52179260442676        1.9075958658605324E-008   7.5563534885283097E-012
   1.1250237881267353        894632185084.40186        129.38644578401994        5.4163139168152456E-002   539.94999136040576        1.9933935701574478E-008   8.2810973396135806E-012
   1.1265923571667531        848869325967.42725        136.62375483130313        5.0872847455058066E-002   534.48936532197376        2.0981243090451134E-008   9.1382654530583507E-012
   1.1281795956802303        804304372794.54834        144.50121222713707        4.7724942789182143E-002   529.19827996969582        2.2237145358667250E-008   1.0142523889151017E-011
   1.1297857258755815        760893512080.30261        153.10688547042639        4.4717827251662415E-002   524.14296264323514        2.3719364222881562E-008   1.1308580107556088E-011
   1.1314109726059973        718600881947.77502        162.54348837070188        4.1849962886675404E-002   519.39732823383497        2.5442949425084406E-008   1.2650856355768038E-011
   1.1330555634009229        677400937131.35815        172.93025711940726        3.9119839944895145E-002   515.04242512999360        2.7418991104072969E-008   1.4183125978064942E-011
   1.1347197284979127        637280792166.00635        184.40473148413054        3.6525934328961132E-002   511.16544059722452        2.9653234424361511E-008   1.5918124161422246E-011
   1.1364037008748613        598242294288.00061        197.12429567965404        3.4066654302732223E-002   507.85822305646747        3.2144694734157703E-008   1.7867149109513101E-011
   1.1381077162826210        560303521805.52698        211.26732332888918        3.1740277661973688E-002   505.21530835670040        3.4884410009079791E-008   2.0039674058644826E-011
   1.1398320132780047        523499375307.48511        227.03377263211442        2.9544881951809231E-002   503.33147935952178        3.7854498419116081E-008   2.2442994357630286E-011
   1.1415768332571850        487880948323.24445        244.64511805662599        2.7478271814557302E-002   502.29894151615235        4.1027701497944136E-008   2.5081936291001333E-011
   1.1433424204894866        453513448874.94794        264.34357771846658        2.5537908934117573E-002   502.20425636780789        4.4367576227031817E-008   2.7958654589947398E-011
   1.1451290221515857        420472600597.04907        286.39068812384920        2.3720851004749442E-002   503.12523062961924        4.7829444693763408E-008   3.1072542834550976E-011
   1.1469368883621123        388839668782.37146        311.06538203757935        2.2023706380934253E-002   505.12799847307338        5.1362118573209534E-008   3.4420274643417928E-011
   1.1487662722166663        358695495973.63623        338.66178326739987        2.0442610321939239E-002   508.26454657357328        5.4910299953582756E-008   3.7995983628668955E-011
   1.1506174298232510        330114138282.89435        369.48696131829706        1.8973226978260579E-002   512.57090729719675        5.8417443571927213E-008   4.1791577287401381E-011
   1.1524906203381255        303156809477.02289        403.85883308417817        1.7610778666526244E-002   518.06618454480440        6.1828777386765159E-008   4.5797165883955890E-011
   1.1543861060020881        277866825559.20251        442.10432193802109        1.6350100967540551E-002   524.75248784065207        6.5094143473830168E-008   5.0001574224149001E-011
   1.1563041521771877        254266094308.80850        484.55778815289153        1.5185719322660409E-002   532.61574938926776        6.8170350704135280E-008   5.4392894581966729E-011
   1.1582450273838738        232353447419.92767        531.55967335010439        1.4111940630392117E-002   541.62730512250869        7.1022817284756924E-008   5.8959035068072507E-011
   1.1602090033385886        212104829901.99081        583.45529726880829        1.3122952226542575E-002   551.74605098102381        7.3626401865695663E-008   6.3688220591722522E-011
   1.1621963549918073        193475108860.52765        640.59371832659372        1.2212920656099989E-002   562.92094954401250        7.5965446124016101E-008   6.8569412911506893E-011
   1.1642073605665288        176401091099.60077        703.32669756553207        1.1376083673565511E-002   575.09366130088551        7.8033152467338799E-008   7.3592630367372308E-011
   1.1662423015972272        160805265642.78503        772.00788590655281        1.0606830564562655E-002   588.20110272181250        7.9830481397664186E-008   7.8749163635801186E-011
   1.1683014629692656        146599805028.80417        846.99204407623392        9.8997678072215069E-003   602.17777974791011        8.1364771193983678E-008   8.4031698064591695E-011
   1.1703851329587784        133690440871.19260        928.63452131466784        9.2497689395993916E-003   616.95779939218983        8.2648265493570024E-008   8.9434363171700180E-011
   1.1724936032730300        121979941338.63156        1017.2911172698772        8.6520089715852733E-003   632.47651245130919        8.3696694897801164E-008   9.4952733715820725E-011
   1.1746271690912522        111371033351.44101        1113.3181659823933        8.1019847775948162E-003   648.67178306728056        8.4528010907373216E-008   1.0058380519169411E-010
   1.1767861291059689        101768710453.11124        1217.0729197795192        7.5955235158667849E-003   665.48491058329557        8.5161324589959389E-008   1.0632596033342373E-010
   1.1789707855648117        93081940284.512634        1328.9141566375527        7.1287813826943752E-003   682.86124745693178        8.5616065201128610E-008   1.1217893495326857E-010
   1.1811814443128341        85224832023.611923        1449.2029725819216        6.6982349830495705E-003   700.75056479139869        8.5911347885579506E-008   1.1814378316911903E-010
   1.1834184148353284        78117347962.038254        1578.3036984167002        6.3006673967602091E-003   719.10721734908793        8.6065524267628442E-008   1.2422283562767163E-010
   1.1856820103011521        71685650292.436264        1716.5848902224479        5.9331507206716767E-003   737.89015531813618        8.6095883156457379E-008   1.3041964057341463E-010
   1.1879725476065726        65862170032.866196        1864.4203452744771        5.5930265369726765E-003   757.06282301802537        8.6018468164430615E-008   1.3673887668045429E-010
   1.1902903474196294        60585474702.174461        2022.1901031965588        5.2778854372797328E-003   776.59297690151641        8.5847982314102346E-008   1.4318622800088828E-010
   1.1926357342250276        55799998476.937744        2190.2813986191395        4.9855464454614589E-003   796.45244779102723        8.5597754743775810E-008   1.4976821446677986E-010
   1.1950090363695653        51455685450.077934        2369.0895354065906        4.7140369399860868E-003   816.61686590380941        8.5279750061933765E-008   1.5649197535679979E-010
   1.1974105861081001        47507584619.131790        2559.0186599200988        4.4615734810171340E-003   837.06536211108994        8.4904605937821394E-008   1.6336500735780188E-010
   1.1998407196500644        43915424984.003212        2760.4824097102914        4.2265437951665378E-003   857.78025503187700        8.4481688753787333E-008   1.7039486284187573E-010
   1.2022997772065329        40643190796.675728        2973.9044230827285        4.0074900562730451E-003   878.74673083625441        8.4019160466139560E-008   1.7758881741688371E-010
   1.2047881030378524        37658710478.143860        3199.7186918324605        3.8030935171556790E-003   899.95252082143054        8.3524052270205446E-008   1.8495351849453949E-010
   1.2073060455018363        34933267771.042686        3438.3697482291755        3.6121604886129649E-003   921.38758068904781        8.3002342362341346E-008   1.9249462842292233E-010
   1.2098539571025329        32441240057.354996        3690.3126754282284        3.4336096224295855E-003   943.04377480779146        8.2459036188223713E-008   2.0021647659909152E-010
   1.2124321945395762        30159766171.284828        3956.0129405344228        3.2664604300732696E-003   964.91456841184868        8.1898248208812173E-008   2.0812173490394259E-010
   1.2150411187581227        28068444238.876781        4235.9460469639262        3.1098229541793240E-003   986.99473052180360        8.1323284532527236E-008   2.1621112983497857E-010
   1.2176810949993806        26149058878.681011        4530.5970130408177        2.9628885028278890E-003   1009.2800502691342        8.0736725862957073E-008   2.2448320295513409E-010
   1.2203524928517460        24385336342.174004        4840.4596853721332        2.8249213548968317E-003   1031.7670692081399        8.0140510186021060E-008   2.3293412889536593E-010
   1.2230556863025401        22762725731.983620        5166.0358984674804        2.6952513463713605E-003   1054.4528320210618        7.9536014531570246E-008   2.4155759731675245E-010
   1.2257910537903696        21268204217.269062        5507.8345014276865        2.5732672515103605E-003   1077.3346577857790        7.8924135046825807E-008   2.5034476219341916E-010
   1.2285589782581041        19890104096.758064        5866.3702674268188        2.4584108780190371E-003   1100.4099336362533        7.8305364542327372E-008   2.5928425871541685E-010
   1.2313598472064895        18617959590.311848        6242.1627141471654        2.3501718013803890E-003   1123.6759322332368        7.7679866637672351E-008   2.6836228523767808E-010
   1.2341940527483950        17442371332.425961        6635.7348552017402        2.2480826697750741E-003   1147.1296539922632        7.7047545653270726E-008   2.7756274518115147E-010
   1.2370619916637087        16354886669.649302        7047.6119121188558        2.1517150172275317E-003   1170.7676944994196        7.6408111464317373E-008   2.8686744173557706E-010
   1.2399640654548851        15347894011.326336        7478.3200095883167        2.0606755286784600E-003   1194.5861370305834        7.5761138650425758E-008   2.9625631670576460E-010
   1.2429006804031542        14414529636.760174        7928.3848808812581        1.9746027063607340E-003   1218.5804695829386        7.5106119425715973E-008   3.0570772389546528E-010
   1.2458722476253994        13548595514.610117        8398.3306044289384        1.8931638921674447E-003   1242.7455253605499        7.4442510008524602E-008   3.1519872702448993E-010
   1.2488791831317134        12744486837.066662        8888.6783945712868        1.8160526055945167E-003   1267.0754452518488        7.3769770273609024E-008   3.2470541227512417E-010
   1.2519219078836377        11997128109.323608        9399.9454623034908        1.7429861613060191E-003   1291.5636605014276        7.3087396710297932E-008   3.3420320608428970E-010
   1.2550008478530956        11301916762.613043        9932.6439632447054        1.6737035344168677E-003   1316.2028935228163        7.2394948877036949E-008   3.4366718964984949E-010
   1.2581164340820270        10654673376.064669        10487.280042605920        1.6079634452421188E-003   1340.9851746313236        7.1692069688599104E-008   3.5307240271281672E-010
   1.2612691027427343        10051597698.821774        11064.352987149576        1.5455426385272623E-003   1365.9018723770826        7.0978499990501627E-008   3.6239413040770525E-010
   1.2644592951989431        9489229759.7408218        11664.354489466621        1.4862343351299601E-003   1390.9437351553674        7.0254087965233999E-008   3.7160816827962101E-010
   1.2676874580675932        8964415437.8012657        12287.768025585006        1.4298468367015906E-003   1416.1009418084891        6.9518793973204757E-008   3.8069106184587967E-010
   1.2709540432813626        8474275943.1638575        12935.068348565395        1.3762022662561768E-003   1441.3631590473076        6.8772691462717655E-008   3.8962031830646999E-010
   1.2742595081519374        8016180727.0152302        13606.721092649001        1.3251354295621129E-003   1466.7196036714179        6.8015964588460252E-008   3.9837458912033159E-010
   1.2776043154340337        7587723398.7131329        14303.182485716796        1.2764927840857982E-003   1492.1591077386777        6.7248903160836867E-008   4.0693382313166130E-010
   1.2809889333901823        7186700282.2073689        15024.899163741955        1.2301315038383618E-003   1517.6701850519346        6.6471895515447438E-008   4.1527939076229802E-010
   1.2844138358562827        6811091290.5710840        15772.308078857110        1.1859186298517207E-003   1543.2410975303662        6.5685419844144903E-008   4.2339418044067068E-010
   1.2878795023079401        6459042838.7311115        16545.836495452259        1.1437302972524025E-003   1568.8599202553589        6.4890034473826854E-008   4.3126266895405878E-010
   1.2913864179275896        6128852550.5344124        17345.902063429639        1.1034510309780334E-003   1594.5146041929756        6.4086367518449733E-008   4.3887096778055803E-010
   1.2949350736724203        5818955547.7140646        18172.912961731876        1.0649731031118967E-003   1620.1930357843341        6.3275106266840568E-008   4.4620684768970340E-010
   1.2985259663431081        5527912135.7529669        19027.268102721937        1.0281959456458489E-003   1645.8830927911151        6.2456986607988421E-008   4.5325974403770222E-010
   1.3021595986533661        5254396725.3953533        19909.357388381799        9.9302561318451686E-004   1671.5726959389117        6.1632782736457650E-008   4.6002074521097302E-010
   1.3058364793003228        4997187849.2477484        20819.562012200146        9.5937429074540186E-004   1697.2498560564584        6.0803297327020678E-008   4.6648256663596501E-010
   1.3095571230357383        4755159150.7500210        21758.254795770463        9.2715984234244687E-004   1722.9027165289338        5.9969352318645131E-008   4.7263951266989947E-010
   1.3133220507380678        4527271238.2825861        22725.800556907030        8.9630539652276158E-004   1748.5195909920244        5.9131780405372167E-008   4.7848742854335748E-010
   1.3171317894853836        4312564310.5717278        23722.556499134032        8.6673896544879061E-004   1774.0889962873878        5.8291417295296649E-008   4.8402364435562036E-010
   1.3209868726291623        4110151471.0862846        24748.872619354461        8.3839309447233967E-004   1799.5996807618576        5.7449094767754175E-008   4.8924691292298593E-010
   1.3248878398689554        3919212659.1446872        25805.092126479813        8.1120453947492225E-004   1825.0406480553304        5.6605634534136952E-008   4.9415734308165922E-010
   1.3288352373279428        3738989134.0934696        26891.551867953647        7.8511396952686530E-004   1850.4011765592270        5.5761842887728330E-008   4.9875632983696935E-010
   1.3328296176293901        3568778456.4096212        28008.582758370230        7.6006569266439511E-004   1875.6708347599224        5.4918506112772628E-008   5.0304648255020896E-010
   1.3368715399740132        3407929916.0756345        29156.510208546017        7.3600740280288155E-004   1900.8394926990072        5.4076386611707347E-008   5.0703155215663195E-010
   1.3409615702182656        3255840364.2154942        30335.654549651332        7.1288994599524131E-004   1925.8973297914715        5.3236219701719775E-008   5.1071635822357389E-010
   1.3451002809535553        3111950408.8938394        31546.331452617160        6.9066710441812915E-004   1950.8348392522819        5.2398711027012664E-008   5.1410671648908366E-010
   1.3492882515864060        2975740940.2548132        32788.852337092954        6.6929539661715934E-004   1975.6428293745728        5.1564534530519819E-008   5.1720936736093661E-010
   1.3535260684195731        2846729953.9220715        34063.524771952689        6.4873389267909489E-004   2000.3124219019378        5.0734330928278728E-008   5.2003190571723509E-010
   1.3578143247341241        2724469644.8646107        35370.652861698043        6.2894404312078688E-004   2024.8350477307310        4.9908706630607181E-008   5.2258271222528743E-010
   1.3621536208724951        2608543746.8049870        36710.537621000520        6.0988952038910536E-004   2049.2024401660947        4.9088233056077195E-008   5.2487088628420770E-010
   1.3665445643225380        2498565094.8016982        38083.477333319206        5.9153607196948466E-004   2073.4066259495535        4.8273446287330458E-008   5.2690618060515162E-010
   1.3709877698025654        2394173390.8610077        39489.767894187520        5.7385138418036613E-004   2097.4399142661255        4.7464847020923576E-008   5.2869893736559713E-010
   1.3754838593474115        2295033154.4379101        40929.703137554214        5.5680495581618243E-004   2121.2948839288679        4.6662900767315838E-008   5.3026002580946653E-010
   1.3800334623955126        2200831841.4447417        42403.575144382659        5.4036798087055713E-004   2144.9643689362920        4.5868038261015469E-008   5.3160078111960878E-010
   1.3846372158770284        2111278116.9538105        43911.674532172816        5.2451323963398691E-004   2168.4414425866739        4.5080656044769233E-008   5.3273294435065750E-010
   1.3892957643030093        2026100268.1917830        45454.290725584826        5.0921499752239229E-004   2191.7194003349418        4.4301117195773549E-008   5.3366860319145910E-010
   1.3940097598556258        1945044745.6744120        47031.712205642485        4.9444891104431093E-004   2214.7917415747465        4.3529752165632979E-008   5.3442013331566494E-010
   1.3987798624794725        1867874821.4535415        48644.226738028854        4.8019194036176928E-004   2237.6521505253372        4.2766859709364431E-008   5.3500014007895999E-010
   1.4036067399739580        1794369354.4671485        50292.121578551611        4.6642226794774638E-004   2260.2944764120707        4.2012707882337078E-008   5.3542140033705576E-010
   1.4084910680867948        1724321653.8859501        51975.683654807501        4.5311922287993579E-004   2282.7127131255584        4.1267535087058003E-008   5.3569680417612941E-010
   1.4134335306086017        1657538432.1723416        53695.199723024947        4.4026321034845397E-004   2304.9009785558364        4.0531551154700285E-008   5.3583929638084263E-010
   1.4184348194686323        1593838840.3121021        55450.956498939639        4.2783564599038130E-004   2326.8534938008411        3.9804938448980817E-008   5.3586181750089059E-010
   1.4234956348316432        1533053578.3432908        57243.240760669163        4.1581889469253532E-004   2348.5645624574199        3.9087852982310936E-008   5.3577724442255981E-010
   1.4286166851959148        1475024074.9162228        59072.339423346464        4.0419621353340082E-004   2370.0285502109396        3.8380425536328487E-008   5.3559833040209683E-010
   1.4337986874924389        1419601730.1687768        60938.539582976955        3.9295169856176578E-004   2391.2398649429115        3.7682762780809507E-008   5.3533764456967003E-010
   1.4390423671852868        1366647216.6948924        62842.128528598216        3.8207023513078922E-004   2412.1929375887548        3.6994948386528330E-008   5.3500751097487761E-010
   1.4443484583731714        1316029833.8431134        64783.393721710629        3.7153745153139627E-004   2432.8822039756292        3.6317044129115318E-008   5.3461994729993074E-010
   1.4497177038922193        1267626910.9885037        66762.622740262130        3.6133967568637834E-004   2453.3020878808666        3.5649090982069182E-008   5.3418660343246013E-010
   1.4551508554199657        1221323255.7964907        68780.103187644068        3.5146389468572654E-004   2473.4469855425978        3.4991110197995600E-008   5.3371870014486113E-010
   1.4606486735805864        1177010643.8392429        70836.122563536032        3.4189771696107126E-004   2493.3112518597268        3.4343104377960407E-008   5.3322696819134919E-010
   1.4662119280513826        1134587346.2329741        72930.968097295539        3.3262933691176295E-004   2512.8891885069033        3.3705058529297536E-008   5.3272158818682097E-010
   1.4718413976705347        1093957692.2502301        75064.926541436958        3.2364750181078210E-004   2532.1750341834786        3.3076941112657860E-008   5.3221213168599576E-010
   1.4775378705461357        1055031664.1143016        77238.283925344833        3.1494148082937567E-004   2551.1629571921108        3.2458705079132321E-008   5.3170750392404799E-010
   1.4833021441665242        1017724521.4231505        79451.325268774162        3.0650103603416424E-004   2569.8470505366458        3.1850288898472044E-008   5.3121588872663749E-010
   1.4891350255119304        981956452.86192942        81704.334254208574        2.9831639521984770E-004   2588.2213296936370        3.1251617579225919E-008   5.3074469612488632E-010
   1.4950373311674516        947652253.05854714        83997.592859063603        2.9037822645063265E-004   2606.2797331854199        3.0662603681377738E-008   5.3030051323593119E-010
   1.5010098874373696        914741022.61889493        86331.380947858546        2.8267761419446889E-004   2624.0161260569103        3.0083148321846096E-008   5.2988905898796641E-010
   1.5070535304608330        883155889.53840017        88705.975824788169        2.7520603694092429E-004   2641.4243063112590        2.9513142172693660E-008   5.2951514326841746E-010
   1.5131691063289128        852833750.33874357        91121.651749104989        2.6795534620282650E-004   2658.4980143278399        2.8952466451533418E-008   5.2918263107175234E-010
   1.5193574712030520        823715029.41481602        93578.679413424412        2.6091774680883693E-004   2675.2309452408281        2.8400993903122051E-008   5.2889441220514359E-010
   1.5256194914349270        795743455.20020401        96077.325388412879        2.5408577839983941E-004   2691.6167642115333        2.7858589770583631E-008   5.2865237708114616E-010
   1.5319560436877326        768865851.87750018        98617.851535601250        2.4745229805009090E-004   2707.6491244856470        2.7325112754353147E-008   5.2845739908910700E-010
   1.5383680150589134        743031945.46046972        101200.51439097685        2.4101046393781086E-004   2723.3216880793093        2.6800415956364206E-008   5.2830932398481137E-010
   1.5448563032043534        718194183.17386091        103825.56452369493        2.3475371999662916E-004   2738.6281488976556        2.6284347806720744E-008   5.2820696667938923E-010
   1.5514218164640461        694307565.14286494        106493.24587177810        2.2867578148354304E-004   2753.5622580472796        2.5776752969734517E-008   5.2814811573760239E-010
   1.5580654739892590        671329487.48369765        109203.79506055688        2.2277062140313450E-004   2768.1178510642021        2.5277473225945348E-008   5.2812954581603162E-010
   1.5647882058712117        649219595.96181524        111957.44070640550        2.1703245773293882E-004   2782.2888767521545        2.4786348326661329E-008   5.2814703818854480E-010
   1.5715909532712853        627939649.44928086        114754.40271135815        2.1145574139762687E-004   2796.0694272889082        2.4303216817423487E-008   5.2819540941052889E-010
   1.5784746685527828        607453392.47511387        117594.89155222641        2.0603514494380184E-004   2809.4537692454674        2.3827916826873963E-008   5.2826854808021433E-010
   1.5854403154142565        587726436.21810651        120479.10756988490        2.0076555187036678E-004   2822.4363751342594        2.3360286817620920E-008   5.2835945955136194E-010
   1.5924888690244234        568726147.34248221        123407.24026224080        1.9564204657230501E-004   2835.0119551069079        2.2900166295884884E-008   5.2846031835487666E-010
   1.5996213161586850        550421544.12316358        126379.46758711696        1.9065990485837275E-004   2847.1754884054562        2.2447396476977649E-008   5.2856252798137582E-010
   1.6068386553372731        532783199.35126889        129395.95527844437        1.8581458500648791E-004   2858.9222541805611        2.2001820904055933E-008   5.2865678758072954E-010
   1.6141418969650396        515783149.54789060        132456.85618137283        1.8110171932214566E-004   2870.2478613017142        2.1563286017912515E-008   5.2873316503927281E-010
   1.6215320634729102        499394810.05072701        135562.30961018809        1.7651710616794532E-004   2881.1482767941429        2.1131641676038140E-008   5.2878117580485860E-010
   1.6290101894610203        483592895.57046729        138712.44073393592        1.7205670243424754E-004   2891.6198525633308        2.0706741619625758E-008   5.2878986674942600E-010
   1.6365773218435571        468353345.84399599        141907.35999335104        1.6771661642317814E-004   2901.6593500937033        2.0288443887671843E-008   5.2874790428597907E-010
   1.6442345199953246        453653256.03803504        145147.16255323932        1.6349310111953038E-004   2911.2639628393840        1.9876611177761691E-008   5.2864366589404848E-010
   1.6519828559000511        439470811.58248067        148431.92779394423        1.5938254782422534E-004   2920.4313360587594        1.9471111153612395E-008   5.2846533415736407E-010
   1.6598234143004653        425785227.13567793        151761.71884498317        1.5538148012759269E-004   2929.1595838827075        1.9071816699894038E-008   5.2820099238001892E-010
   1.6677572928501554        412576689.40444618        155136.58216375997        1.5148654820088114E-004   2937.4473034522457        1.8678606125229386E-008   5.2783872082411487E-010
   1.6757856022672384        399826303.56137425        158556.54716222585        1.4769452338605647E-004   2945.2935859911463        1.8291363314692395E-008   5.2736669259961303E-010
   1.6839094664898562        387516043.02017432        162021.62588338368        1.4400229306543505E-004   2952.6980247357501        1.7909977833478794E-008   5.2677326824549845E-010
   1.6921300228335241        375628702.34549588        165531.81272940375        1.4040685579343564E-004   2959.6607196743198        1.7534344983711259E-008   5.2604708805683747E-010
   1.7004484221503509        364147853.08944273        169087.08424335366        1.3690531667426905E-004   2966.1822790968977        1.7164365816638938E-008   5.2517716124762308E-010
   1.7088658289901548        353057802.36111671        172687.39894477435        1.3349488297045088E-004   2972.2638179939158        1.6799947102735529E-008   5.2415295108540304E-010
   1.7173834217634973        342343553.94813609        176332.69722062250        1.3017285992776136E-004   2977.9069533764846        1.6441001262380359E-008   5.2296445519170471E-010
   1.7260023929066559        331990771.82181728        180022.90127129949        1.2693664680365834E-004   2983.1137966338938        1.6087446259994087E-008   5.2160228027477861E-010
   1.7347239490485622        321985745.86828053        183757.91511195028        1.2378373308658195E-004   2987.8869430640129        1.5739205464606084E-008   5.2005771063847755E-010
   1.7435493111797249        312315359.69865465        187537.62462884816        1.2071169489472120E-004   2992.2294587501960        1.5396207479932862E-008   5.1832276990181083E-010
   1.7524797148231672        302967060.40134186        191361.89768976130        1.1771819154363059E-004   2996.1448649790545        1.5058385947114637E-008   5.1639027545813232E-010
   1.7615164102073941        293928830.10806310        195230.58430753404        1.1480096227257922E-004   2999.6371204095117        1.4725679323273439E-008   5.1425388530131439E-010
   1.7706606624414203        285189159.25416821        199143.51685554170        1.1195782312039897E-004   3002.7106012264157        1.4398030639060811E-008   5.1190813694995423E-010
   1.7799137516918830        276737021.42160565        203100.51033332443        1.0918666394222467E-004   3005.3700795183850        1.4075387238346743E-008   5.0934847830295218E-010
   1.7892769733622600        268561849.66027439        207101.36268059554        1.0648544555905369E-004   3007.6207001314401        1.3757700503137568E-008   5.0657129036217203E-010
   1.7987516382742226        260653514.19037467        211145.85513755650        1.0385219703260197E-004   3009.4679562498163        1.3444925566742586E-008   5.0357390185642920E-010
   1.8083390728511470        253002301.39501435        215233.75264933560        1.0128501305854105E-004   3010.9176639577204        1.3137021018120474E-008   5.0035459589646571E-010
   1.8180406193038077        245598894.01850590        219364.80431191943        9.8782051471753486E-005   3011.9759360357721        1.2833948600226955E-008   4.9691260888007204E-010
   1.8278576358182845        238434352.49099496        223538.74385682415        9.6341530857385859E-005   3012.6491552308703        1.2535672905037966E-008   4.9324812194605864E-010
   1.8377914967461044        231500097.30588871        227755.29017261520        9.3961728262225241E-005   3012.9439472384242        1.2242161067797265E-008   4.8936224535156337E-010
   1.8478435927966448        224787892.38144243        232014.14785895549        9.1640977001253822E-005   3012.8671536185107        1.1953382462884638E-008   4.8525699621095281E-010
   1.8580153312318299        218289829.34220478        236315.00781201656        8.9377664554356431E-005   3012.4258048563352        1.1669308403506309E-008   4.8093527008868309E-010
   1.8683081360631433        211998312.66100794        240657.54783660595        8.7170230548940962E-005   3011.6270937598269        1.1389911847283409E-008   4.7640080698530037E-010
   1.8787234482509829        205906045.60547164        245041.43328330549        8.5017164823961394E-005   3010.4783493740124        1.1115167109566824E-008   4.7165815228840057E-010
   1.8892627259063937        200006016.93765765        249466.31770701541        8.2917005571702732E-005   3008.9870115701760        1.0845049586189505E-008   4.6671261328772517E-010
   1.8999274444951970        194291488.31845352        253931.84354367640        8.0868337553510763E-005   3007.1606064540138        1.0579535487124802E-008   4.6157021186712355E-010
   1.9107190970445509        188755982.37188038        258437.64280321758        7.8869790386088372E-005   3005.0067227142863        1.0318601582357434E-008   4.5623763399278506E-010
   1.9216391943519702        183393271.36772498        262983.33777426841        7.6920036895247805E-005   3002.5329890184939        1.0062224961086803E-008   4.5072217661501161E-010
   1.9326892651968339        178197366.48348114        267568.54173965845        7.5017791533988991E-005   2999.7470525425106        9.8103828051738901E-009   4.4503169258893035E-010
   1.9438708565544069        173162507.60975280        272192.85969800479        7.3161808862274373E-005   2996.6565587053065        9.5630521775953030E-009   4.3917453420355326E-010
   1.9551855338124153        168283153.66523787        276855.88909062505        7.1350882085656280E-005   2993.2691321581651        9.3202098264578425E-009   4.3315949588216130E-010
   1.9666348809901928        163553973.39048877        281557.22052966902        6.9583841650545293E-005   2989.5923590716238        9.0818320049986914E-009   4.2699575659062322E-010
   1.9782205009604390        158969836.59106967        286296.43852593895        6.7859553893548596E-005   2985.6337707369808        8.8478943077988030E-009   4.2069282245292275E-010
   1.9899440156736183        154525805.80333155        291073.12221408845        6.6176919742796556E-005   2981.4008284950510        8.6183715233138911E-009   4.1426047003800781E-010
   2.0018070663850267        150217128.35775724        295886.84607245488        6.4534873469205726E-005   2976.9009099878222        8.3932375026857106E-009   4.0770869074113024E-010
   2.0138113138845624        146039228.81641346        300737.18063622137        6.2932381485593359E-005   2972.1412967176134        8.1724650446526765E-009   4.0104763663985634E-010
   2.0259584387292295        141987701.76301369        305623.69320166309        6.1368441191912376E-005   2967.1291628904223        7.9560257962874664E-009   3.9428756816327597E-010
   2.0382501414784144        138058304.92528775        310545.94851955143        5.9842079864724813E-005   2961.8715655107558        7.7438901691592188E-009   3.8743880386788082E-010
   2.0506881429319552        134246952.61088711        315503.50947709451        5.8352353589208395E-005   2956.3754356854224        7.5360272704393418E-009   3.8051167257083346E-010
   2.0632741843710511        130549709.43955961        320495.93776564614        5.6898346232228817E-005   2950.6475710911027        7.3324048484025280E-009   3.7351646805015234E-010
   2.0760100278020346        126962784.35508862        325522.79453404556        5.5479168454753864E-005   2944.6946295549055        7.1329892516674712E-009   3.6646340647816076E-010
   2.0888974562030462        123482524.90200227        330583.64102599310        5.4093956762238926E-005   2938.5231236900804        6.9377454015040374E-009   3.5936258671729760E-010
   2.1019382737736487        120105411.75291839        335678.03920043993        5.2741872591559591E-005   2932.1394165289616        6.7466367764676661E-009   3.5222395356972520E-010
   2.1151343061874068        116828053.47328681        340805.55233435583        5.1422101433077334E-005   2925.5497180926404        6.5596254085818129E-009   3.4505726403725453E-010
   2.1284874008474759        113647181.51130888        345965.74560724688        5.0133851986583201E-005   2918.7600828339964        6.3766718902781010E-009   3.3787205661698475E-010
   2.1419994271452345        110559645.40156031        351158.18666636629        4.8876355349874293E-005   2911.7764078924638        6.1977353912781112E-009   3.3067762362873364E-010
   2.1556722767219907        107562408.17151114        356382.44617290457        4.7648864238683624E-005   2904.6044320981032        6.0227736845859494E-009   3.2348298654341094E-010
   2.1695078637338083        104652541.94098130        361638.09832820587        4.6450652236870522E-005   2897.2497356607796        5.8517431807794519E-009   3.1629687425931401E-010
   2.1835081251194808        101827223.70508149        366924.72138017981        4.5281013075706678E-005   2889.7177404860995        5.6845989697749913E-009   3.0912770425190215E-010
   2.1976750208716989        99083731.291872680        372241.89810953813        4.4139259941201470E-005   2882.0137110596988        5.5212948692656345E-009   3.0198356650548716E-010
   2.2120105343114407        96419439.486372545        377589.21629602625        4.3024724808357030E-005   2874.1427558377250        5.3617834790467813E-009   2.9487221011970493E-010
   2.2265166723656336        93831816.313227236        382966.26916496467        4.1936757801396781E-005   2866.1098290943619        5.2060162404672958E-009   2.8780103247200027E-010
   2.2411954658481128        91318419.470750913        388372.65581328241        4.0874726579003474E-005   2857.9197331723622        5.0539435002767642E-009   2.8077707080724407E-010
   2.2560489697439352        88876892.909332767        393807.98161680531        3.9838015743527928E-005   2849.5771210834328        4.9055145781604509E-009   2.7380699611712568E-010
   2.2710792634970671        86504963.547868073        399271.85861749679        3.8826026273358269E-005   2841.0864994170061        4.7606778372989439E-009   2.6689710916782185E-010
   2.2862884513014987        84200438.121962339        404763.90589248360        3.7838174977472947E-005   2832.4522315083027        4.6193807573159092E-009   2.6005333852950116E-010
   2.3016786623958279        81961200.158261612        410283.74990391202        3.6873893971417899E-005   2823.6785408289556        4.4815700090262811E-009   2.5328124046067386E-010
   2.3172520513613448        79785207.069293067        415831.02483128675        3.5932630173772622E-005   2814.7695145578527        4.3471915304211782E-009   2.4658600049863439E-010
   2.3330107984236683        77670487.363731205        421405.37288610375        3.5013844822373738E-005   2805.7291072982061        4.2161906033809096E-009   2.3997243660967144E-010
   2.3489571097579667        75615137.967167720        427006.44460959057        3.4117013009511585E-005   2796.5611449116400        4.0885119306344307E-009   2.3344500375432993E-010
   2.3650932177978223        73617321.648704231        432633.89915381884        3.3241623235338123E-005   2787.2693284327070        3.9640997125354808E-009   2.2700779972658196E-010
   2.3814213815477570        71675264.548942357        438287.40454758058        3.2387176978757150E-005   2777.8572380426644        3.8428977232499333E-009   2.2066457212974340E-010
   2.3979438868994922        69787253.805210754        443966.63794624078        3.1553188285138424E-005   2768.3283370753747        3.7248493860028929E-009   2.1441872635755329E-010
   2.4146630469519637        67951635.269913971        449671.28586828406        3.0739183370096375E-005   2758.6859760318521        3.6098978470544659E-009   2.0827333445331144E-010
   2.4315812023351482        66166811.318355247        455401.04441663914        2.9944700238804681E-005   2748.9333965874725        3.4979860481284598E-009   2.0223114472764046E-010
   2.4487007215377457        64431238.742197938        461155.61948825710        2.9169288320073845E-005   2739.0737355683309        3.3890567970306835E-009   1.9629459201979215E-010
   2.4660240012387575        62743426.725328818        466934.72696967004        2.8412508114757892E-005   2729.1100288895927        3.2830528362494419E-009   1.9046580849638909E-010
   2.4835534666430181        61101934.898543775        472738.09292191284        2.7673930857707143E-005   2719.0452154313871        3.1799169093375160E-009   1.8474663488560491E-010
   2.5012915718207118        59505371.470095851        478565.45375390106        2.6953138192860818E-005   2708.8821408494073        3.0795918249258700E-009   1.7913863205416076E-010
   2.5192408000509388        57952391.429020144        484416.55638467084        2.6249721860893823E-005   2698.6235613065883        2.9820205182363581E-009   1.7364309283997194E-010
   2.5374036641693620        56441694.818258964        490291.15839688003        2.5563283398832971E-005   2688.2721471160680        2.8871461099812021E-009   1.6826105405982291E-010
   2.5557827069200023        54972025.074941561        496189.02817980124        2.4893433851243035E-005   2677.8304862894483        2.7949119625782478E-009   1.6299330861947116E-010
   2.5743805013112082        53542167.435006849        502109.94506525534        2.4239793492377290E-005   2667.3010879836988        2.7052617336080579E-009   1.5784041765814108E-010
   2.5931996509758721        52150947.399825230        508053.69945374422        2.3601991558983863E-005   2656.6863858445258        2.6181394264895013E-009   1.5280272266800233E-010
   2.6122427905359320        50797229.262134902        514020.09293501690        2.2979665993136217E-005   2645.9887412371049        2.5334894383349459E-009   1.4788035753247038E-010
   2.6315125859712083        49479914.689144805        520008.93840057717        2.2372463194807263E-005   2635.2104463667297        2.4512566049933724E-009   1.4307326043557705E-010
   2.6510117349926325        48197941.360442825        526020.06015118433        2.1780037783683969E-005   2624.3537272835856        2.3713862432844259E-009   1.3838118559829777E-010
   2.6707429674199195        46950281.658673666        532053.29399687320        2.1202052369924106E-005   2613.4207467754773        2.2938241904542401E-009   1.3380371480431874E-010
   2.6907090455637332        45735941.410667390        538108.48735467903        2.0638177333283025E-005   2602.4136071391408        2.2185168408735324E-009   1.2934026868047343E-010
   2.7109127646124014        44553958.677383073        544185.49933903653        2.0088090610514014E-005   2591.3343528414516        2.1454111800468195E-009   1.2499011770512684E-010
   2.7313569530232327        43403402.590416469        550284.20085007860        1.9551477490434619E-005   2580.1849730621016        2.0744548159648661E-009   1.2075239291803661E-010
   2.7520444729184934        42283372.233430780        556404.47465814522        1.9028030416471813E-005   2568.9674041221506        2.0055960078786142E-009   1.1662609631239351E-010
   2.7729782204860935        41192995.566740662        562546.21548437525        1.8517448796354652E-005   2557.6835318029157        1.9387836925614610E-009   1.1261011089204991E-010
   2.7941611263850463        40131428.393201068        568709.33008059242        1.8019438818537020E-005   2546.3351935488818        1.8739675081285669E-009   1.0870321037977904E-010
   2.8155961561557481        39097853.363938436        574893.73730638262        1.7533713275175939E-005   2534.9241805650263        1.8110978155018645E-009   1.0490406856704687E-010
   2.8372863106351485        38091479.022268005        581099.36820531066        1.7059991391313370E-005   2523.4522398055083        1.7501257176007343E-009   1.0121126829734350E-010
   2.8592346263768551        37111538.884192668        587326.16608186229        1.6597998659924447E-005   2511.9210758522891        1.6910030763398638E-009   9.7623310077671335E-011
   2.8814441760762426        36157290.554147564        593574.08658036601        1.6147466682636051E-005   2500.3323526897980        1.6336825275291124E-009   9.4138620316044789E-011
   2.9039180690006221        35228014.874207988        599843.09776691545        1.5708133015628561E-005   2488.6876953624442        1.5781174937458199E-009   9.0755559182818555E-011
   2.9266594514245261        34323015.105838366        606133.18022728944        1.5279741020657695E-005   2476.9886915205766        1.5242621952950032E-009   8.7472428098713294E-011
   2.9496715070701782        33441616.140370481        612444.32717718510        1.4862039719479134E-005   2465.2368927754783        1.4720716592082957E-009   8.4287476841770583E-011
   2.9729574575532030        32583163.740311306        618776.54467736231        1.4454783652897630E-005   2453.4338158723526        1.4215017265803156E-009   8.1198910290551797E-011
   2.9965205628336458        31747023.792184297        625129.85190759634        1.4057732733832437E-005   2441.5809431456551        1.3725090573088291E-009   7.8204894733632411E-011
   3.0203641216723538        30932581.591800891        631504.28225553920        1.3670652102402654E-005   2429.6797220664653        1.3250511337373657E-009   7.5303563832039067E-011
   3.0444914720927914        30139241.029208679        637899.88485524186        1.3293311909195079E-005   2417.7315600981242        1.2790862558739961E-009   7.2493023708992717E-011
   3.0689059918483563        29366423.893103424        644316.73105240962        1.2925487125468444E-005   2405.7378160774228        1.2345735416597671E-009   6.9771358011388407E-011
   3.0936110988952512        28613568.906799033        650754.90976019937        1.2566957272845771E-005   2393.6997956541136        1.1914729076095224E-009   6.7136631779241025E-011
   3.1186102518709893        27880136.876987144        657214.43269284605        1.2217510208000806E-005   2381.6190462509362        1.1497453660944739E-009   6.4586921293825804E-011
   3.1439069505785904        27165651.146356881        663694.14092866762        1.1876972354483256E-005   2369.5000362866058        1.1093550447220064E-009   6.2120502501688305E-011
   3.1695047364765454        26469515.750110630        670196.18259510142        1.1545076387959386E-005   2357.3389079267267        1.0702601287482474E-009   5.9735041003691519E-011
   3.1954071931746064        25791255.619456671        676720.19447362225        1.1221636187382942E-005   2345.1381275587451        1.0324249481424617E-009   5.7428680913081409E-011
   3.2216179469354822        25130396.949213166        683266.14006388222        1.0906460202074528E-005   2332.8993658729805        9.9581395599206256E-010   5.5199508509424106E-011
   3.2481406671825046        24486475.248006366        689834.11076830467        1.0599357581987103E-005   2320.6239820845590        9.6039216221476858E-010   5.3045595267922020E-011
   3.2749790670133341        23859038.220679626        696424.24780560029        1.0300140517858674E-005   2308.3132200816863        9.2612529780218529E-010   5.0965016227377117E-011
   3.3021369037197834        23247646.343420431        703036.71830552304        1.0008624895845130E-005   2295.9682699045543        8.9297985971759180E-010   4.8955857455197876E-011
   3.3296179793138263        22651872.749863211        709671.70780547371        9.7246304439775832E-006   2283.5902876959940        8.6092311933139705E-010   4.7016220080166246E-011
   3.3574261410598658        22071302.920105021        716329.41769822792        9.4479807271227114E-006   2271.1804029544837        8.2992311948254725E-010   4.5144223144863520E-011
   3.3855652820133435        21505534.315977909        723010.06429470656        9.1785030943194380E-006   2258.7397216030827        7.9994866750724013E-010   4.3338005937976054E-011
   3.4140393415657484        20954176.006567668        729713.87846625631        8.9160286105418538E-006   2246.2693275368229        7.7096932653678409E-010   4.1595730016935690E-011
   3.4428523059961256        20416848.298081324        736441.10552773625        8.6603919833734115E-006   2233.7702835231385        7.4295540585692033E-010   3.9915580997004609E-011
   3.4720082090291386        19893182.373191167        743192.00522754993        8.4114314886054993E-006   2221.2436318023974        7.1587795066179483E-010   3.8295770142221655E-011
   3.5015111323997821        19382819.941566978        749966.85179225670        8.1689888963035118E-006   2208.6903945222998        6.8970873136276901E-010   3.6734535778146050E-011
   3.5313652064248071        18885412.902087905        756765.93400236894        7.9329093979957482E-006   2196.1115740704158        6.6442023254546435E-010   3.5230144540446250E-011
   3.5615746105809576        18400623.016817749        763589.55528426566        7.7030415353330146E-006   2183.5081533428897        6.3998564164490086E-010   3.3780892471129852E-011
   3.5921435740900800        17928121.596420757        770438.03381600918        7.4792371302689949E-006   2170.8810959606794        6.1637883738495183E-010   3.2385105972107841E-011
   3.6230763765112033        17467589.196795318        777311.70263948431        7.2613512168663848E-006   2158.2313464491572        5.9357437803048339E-010   3.1041142625726277E-011
   3.6543773483396627        17018715.326527197        784210.90977859020        7.0492419747051009E-006   2145.5598303910997        5.7154748948691625E-010   2.9747391890732731E-011
   3.6860508716133564        16581198.164650457        791136.01836666174        6.8427706637686154E-006   2132.8674545406657        5.5027405327693385E-010   2.8502275681415585E-011
   3.7181013805262162        16154744.288897257        798087.40676136804        6.6418015611830427E-006   2120.1551069632933        5.2973059444777790E-010   2.7304248839639664E-011
   3.7505333620489805        15739068.412385190        805065.46870940388        6.4462018985656470E-006   2107.4236570340336        5.0989426936920228E-010   2.6151799501356818E-011
   3.7833513565573593        15333893.132950934        812070.61338879727        6.2558418032002297E-006   2094.6739557670339        4.9074285363559412E-010   2.5043449380290360E-011
   3.8165599584676673        14938948.682555411        819103.26578381355        6.0705942343561418E-006   2081.9068352201475        4.7225472959937583E-010   2.3977753934373070E-011
   3.8501638168800323        14553972.708986958        826163.86618712288        5.8903349375768177E-006   2069.1231103766645        4.5440887487474029E-010   2.2953302529044727E-011
   3.8841676362292508        14178710.002486954        833252.87202540878        5.7149423562324962E-006   2056.3235743178525        4.3718484834244775E-010   2.1968718320834989E-011
   3.9185761769433993        13812912.400076175        840370.75351071625        5.5442976615391165E-006   2043.5090116095589        4.2056278294555942E-010   2.1022658609989000E-011
   3.9533942561102742        13456338.242324581        847518.00572548702        5.3782844719666424E-006   2030.6801622817288        4.0452336064344750E-010   2.0113813712583456E-011
   3.9886267481517712        13108753.059207974        854695.11695876578        5.2167894045253170E-006   2017.8378200933462        3.8904783513873410E-010   1.9240909505357408E-011
   4.0242785855062895        12769926.981719049        861902.65355517284        5.0597004132275932E-006   2004.9825657890301        3.7411792771600831E-010   1.8402700084189015E-011
   4.0603547593192548        12439640.979260163        869141.03434702207        4.9069110337441160E-006   1992.1154935634311        3.5971606161730948E-010   1.7597986299345603E-011
   4.0968603201418698        12117669.386145279        876411.13239973492        4.7583088697300396E-006   1979.2362334968104        3.4582469421877793E-010   1.6825565852499119E-011
   4.1338003786381687        11803826.257855285        883712.67103615939        4.6138061645869063E-006   1966.3483413353283        3.3242805648741873E-010   1.6084363868417313E-011
   4.1711801063005023        11497839.887103498        891048.50254107115        4.4732579272305314E-006   1953.4446027405970        3.1950746806559292E-010   1.5373086769597444E-011
   4.2090047361735197        11199690.273625595        898413.19256649516        4.3366806749255668E-006   1940.5471326878846        3.0705380672738083E-010   1.4691135305389074E-011
   4.2472795635867886        10908698.803862855        905823.48832881113        4.2036670914176536E-006   1927.5978948470959        2.9503415589206225E-010   1.4036189847795090E-011
   4.2860099468961179        10624589.726806015        913342.05844590697        4.0737492298429166E-006   1914.4413489371223        2.8343957139587530E-010   1.3406487154637086E-011
   4.3250846961410581        10346018.428602146        920986.98097100353        3.9460627021519152E-006   1900.8969007261198        2.7221620145701955E-010   1.2798148209485111E-011
   4.3642746858597405        10079974.142566830        928624.32405177387        3.8243651134420218E-006   1887.5607289769591        2.6162036733647338E-010   1.2226824218280433E-011
   4.4034646755784230        9813929.8565315139        936261.66713254410        3.7026675247321309E-006   1873.6969285829805        2.5115516018442523E-010   1.1664448394617058E-011
   4.4426546652971046        9547885.5704961978        943899.01021331432        3.5809699360222400E-006   1859.2626155902340        2.4082365308007337E-010   1.1111260250253356E-011
